2 2 2 2 2 2 2 2 8
2 2 2 2 3 2 2 2 2 2
2 2 2 3 2 2 2 3
2 3 2 3
2 2 2 2 3 2 3
2 2 2 4 6 2 4 5 6
2 2 2 2 2 2 3 2 2 3
2 2 2 3 2 3
2 2 2 2 3 2 2 2 2 2 2 2 3
4 5 6 2 4 5 6
2 2 2 4 6 2 2 4 6 2 2 2
2 2 2 2 4 6 2 2 3
2 2 2 2 2 2 2 3 2 3
2 2 4 6 2 4 5 6 7
2 2 4 5 6 2 2 2 2 2 3
2 2 2 2 2 2 3 2 3
2 2 2 3 2 2 2 2 2 4 6
2 2 3 2 2 2 2 2 2 3
2 2 2 2 2 2 2 2 2 4 5 6 2 3
2 2 2 2 7 18
2 2 2 2 2 2 2 2 2 2
2 9 2 9 2 2
2 2 2 2 2 2 12 14 27 28 2 18
2 2 2 2 2 9 2 16 17 2 7 2 2 2 2
2 2 2 15 2 2 7 2 2 2 2 23
2 2 2 2 12 14 2 2 2 18 2 10 35 11
2 2 2 2 2 2 15 7
2 2 2 2 2 2 15
2 2 2 12 13 14 2 7
10 11 2 12 14
2 15 2 2 2 2 7
2 2 2 2 12 14 10 11 2 16 17
2 2 9 2 2 2 2 15 2 7
2 2 2 2 15
2 2 2 2 2 2 2 16 24 17
2 2 2 2 2 2 2 15 2
2 2 2 2 2 15 2 2 2
2 2 2 15 2 9 2 10 35 11 2 29
2 2 42 43 2 2 38 39
2 2 2 37 2 2 16 17
2 2 2 2
2 2 2 38 40 40 40 40 39 2 36
2 2 2 2 2 36 2
2 2 37 2 2
2 2 2 2 38 40 39 2 42 43 32
2 2 2 38 40 40 40 39
2 2 2 2 2
2 2 41
2 2 2 2 37 41 2 2 2 2
2 2 2 2 41 2 2 2 2 2 2 2 2
2 2 2 2 2 2 2 37 32
2 41 2 2 2 2
2 2 2 2 37
2 2 2 2 37 2 41
2 2 37 2 42 43
2 2 2 38 40 40 39 2 2 2 2 2 2 2 16 17 18
2 2 38 40 39 2 36
2 2 2 2 2 2 2
2 2 2 2 2
2 2
2 2 2 2 2 7
2 2 2 2 2 2 2 2 2 2 2 7 18
2 2 2 2 2 2 2 2
2 2 2 2 2 2 2
2 2 2 2 2
2 2 2 2 2 2
2 2 2 2 2 2 2 2 7 18
2 2 2 2 2
2 2 2 2 2 2
2 2 2 2 2 16 17
2 2 2 2
2 2 2 2 2 2
2 2 2 2 2 2 2 2 2
2 2 2 2 2 18 2 2 2 2 29
2 2 2 2 2 2 2 7
2 2 2 2 2 2 2 2
2 2 2
2 2 2 2 2 2 2 2
2 2 2 2
2 2 2 2 2 2 2
2 2 2 2 2 2
2 2 2
2 2 2
2 2 2 2 2
2 2 2 2 2 2 2 2
2 2 2 2 2 2
2 2 2 2 2 2
2 2 2
2 2 2 2 2
2 2 2 2 2 2
2 2 2 2
2 2 2
2 2 2 2 2 2 2 2
2 2 2 2 2 2
2 2 2 2 2
2 2 2 12 13 14 2
2 2 2 2 2 7
2 2 2 2 16 17 2 7
2 2 2 2 2 2 2 2
2 2 2 2 2 2 10 11
2 2 2 15 2 2 2 2 7
2 2 2 2 2 2 2 2 2 7
2 2 2 2 2 2 2 2 2 2 7
2 2 2 2 2 2 2 2 2
2 2 2 2 15 2
2 2 2 2 7
2 2 2 2 2
16 24 24 24 24 24 17 2 2 2 2 2 15 2 16 17
2 2 15 2 2 7
2 2 15 2 2
2 2 2 2 15 2 2 2 2 2 2 2
2 2 2 2 2 18
2 2 2 2 2 2 2 15 2 2
2 2 2 2 2 10 35 35 35 35 11
2 2 2 2 2 2 2
2 2 2
2 2 12 14 2 2 2 2 7
2 2 2 2
2 2 2 12 13 14 2 2 2
2 2 15 2 2 16 17
2 2 2 2 2 2 2 15 2 2 2 2 2
2 2 10 35 11 2 2
2 2 2 2 2 2 2 2 2
2 2 2 2 2 2 2
2 2 15 2 2 10 11 2 16 17
2 2 2
2 30 31 15 2 2
2 2 2 2 2 2 2 12 14 2 2 2 7
2 2 2
2 12 14 2 2 2
2 2 2 2 2 7
2 2 15 2 10 11 2 2 2
2 2 2 2 2 2 2 2 2
2 2 2 2 2 63 2 2 8
2 2
2 2 2 2 63 2 8
2 2 2 2 2 2 2 63 65 66
2 2
2 2 2 2 2 2 20 22
2 2 2 63 2 2 7
2 2 2 2 65 66 2 2 20 21 22
2 2 2 63 2 2 2 20 21 22
2 2 2 20 22 2 2
2 2 2 20 22
2 2 2 63 2 2 8
2 2 2 2 2 2 2 2 2 2 8 2 63
2 2 2 2 2 8
2 2 2 63 2
2 2 2 2 2 63 2 2
2 2 20 22
63 2
2 2 2 2 2 20 22
2 2 2 2 2 2
2 2 2 2 2 2 2
2 2 2 2 2 2 2 2 2 2
2 2 2 2 2 2 2 2 2 2 2
2 2 2 2 2 2 2 2 2 2
2 2 2 2 2 2 2 2 2 2
2 2 2
2 2 2 2 2 2 2 2 2 2 2 2 2
2 2 2 2 2 2 2 2 2
2 2 2 2 2 2 2
2 2 2 2 2 2 2 2 2 2 2 2 2
2 2 2 2 2 2 2
2 2 2 2 2 2 2
2 2 2 2 2 2 2 2
2 2 2 2 2 2
2 2 2 2 2 2 2
2 2 2 2 2 2 2
2 2 2 2 2 2
2 2 2 2 2 2 2
2 2 2 2 2 2 2
2 2 2 12 14 2 2
2 2 2 2 2 2
2 2 2 2 2 2 2
2 2 2 2 2
2 2 8
2 2 2 2 2 2 30 31
2 2 2 2 2 2 2 2 2 2 2 2
2 2 70 71 15
2 2 2 2 2 2 2 2 8
2 2 2 30 31 2 2
2 2 9
2 2 2 2 2 2 2 2 2 2
2 2 30 31 2
2 2 2 8 2 20 22
2 2 2 30 31 2 2
2 2 2 2 2 2 2 2 2
2 2 2 2 2 2 2
2 2 2 2 8
2 2 2 59 2 2 2 76 77
2 2 2 2 59 2 2 60
2 2 59 2 2 16 17
2 2 59
2 2 2 2 2 73 74
2 2 73 74 2 2 60
2 2 2 73 75 74
2 59
2 2 2 73 74
2 73 74
2 2 73 75 74 2 29 2 16 17 23
2 73 74
2 2 2 59
2 2 2
2 2 2 2 73 74
2 2 2 2 2 73 75 74
2 2 2 2 2 2 2
2 2 2 2
2 2
2 2 2 2 2 2 2 2 2 2 2 2 2
2 2
2 2 2 2 2 2 2 10 35 11
2 2 2 2 2 2 33
2 2 2 2 2 2 2 2 16 24 17
2 2 2 2 2 2 2 78 2
2 2 2 2 2 2 2 2 2 2 2 2 2
2 2 2 2 9 2 2 2 2
2 2 2 2 2 2 2
2 2 2 2 2 2 9
2 2 2 2 2 2
2 2 2 2 2 2 2 9
9 2 2 2
2 2
2 2 2 2 2 2
2 2
2 2 2 2 2
2 2 2 2 2 2 10 11 2 20 22
2 2 2 15 2 2
2 2 2 2 2 15 2 2 2 8 10 11
2 2 12 14 2 20 22
2 2 2 2 2 2 2 2 8 10 11
2 2 2 2
2 2 2 2 2 2 2
2 2 2 2 10 11 2 2 2
2 2 2 2 2 8 10 11
2 2 2 2 2 20 22 2 2
2 2 2 2 2 2 2 15 8
2 2 2 2 2 2 2 12 14 2 20 22 2 10 11
2 2 2 2 2 2 8 18
2 2 2 2 2 2 2 2
2 2 2 20 22
2 2 2 2 2 2 2 18
2 2 2 2 8 7
2 2 2 2 2 15 2 2 2 2 2 8 2 2
2 2 2 2 2 2 2 2
2 2 2
2 2 2 2
2 2 2 2 2 81 82
2 2 2 2 2 2
2 2 2 2 2 83 2
2 2 2 2 2
2 2 2 2 2 2 2 2 2 2
2 2 2 2 2
2 2 2 2
2 2 2 2 2 2
2 2 2 2 2 2 2
2 2 2 2 2 2 2 2 2 2 2 2 2 2 2 2 2 2 2 2 2 2
2 2 2 2 2 2 2
2 2 2 2 2 2 2
2 2
2 2 2
2 2 2 30 31 2 2 2
2 2 83 2 2 2 2
2 2 2 2 23 83 2 2 2
2 2 2 2 83 2 2 2
2 2 2 2
2 2 2
2 2 2 2 2 81 84 84 84 82 2
2 2 2 2
2 2 2 81 82 2
2 2 2
2 2 2 83 2
2 2 2
2 2 2 2 2 2 2 2
2 2 2 2 2 2 2 83 2
2 2 2 2 2 2
2 2 2 2 2 2
2 2 2 2 2
2 2 2 2 2 81 82
2 2
2 2 2
2 2 2 2 2
2 2 2 2 32 2 2 2 2 2 2 2
2 2 2 2 32
2 2 2 55 56 2 20 21 22 2
2 2 2 2 2 18
2 2 2 2 2 2 32 2 2 12 14
2 2 2 55 56 2 2
2 32 2 2 2
2 2 2 2 32 2
2 2 2 2 2 2 55 56 2 2 2
2 2 2 32 2 20 21 22
2 2 2 2 2 2 2 55 56 2 8
2 2 2 2 2 2 2 32 2 20 22
2 2 2 2 36
2 2 2 2 55 56 2 2
2 2 8
2 2 2 2 32 2 20 22
2 55 56 2 2 2 2 2 2
2 2 2 37 2 2 20 22
2 2 2 2 20 21 22 2
2 61 62
2 2 2 2 2
2 2 2 2 2 7
2 2 2 2 2 2 81 82 2
2 2 2 2
83 2
2 2 2 2
2 2 2 2 2 2 2
2 2 2 2 2 2 2
2 2 2 2 2 2 2 2
2 2 2 2 2 2 2 2
2 2 2
2 2 2 2 2 2 2 2 81 82
2 2 2 2 2 2 7
2 2 2 2 2 2 7
2 2 2 2 2 2
2 2 2 2 2
2 2 2 2 2
2 2 2 2 2 7
2 2 2 2 2 2
2 2 2 2 2 2 2 7
2 2 2 2 7
2 2 2 2 2 2 2 2 2
2 2 2 2
2 2 2 2 2 2 10 11
2 2 2 2 2
2 2 2 2 2 2 2 2 2 2 2 2
2 2 2 2 2 2 2 2
2 2 2 2 2 2 2 10 11
2 2 2 63 2 2 8 2 7 2 2 29
2 2 2 2 63 2 2 2 2 2
2 63 2 2 20 22
2 2 2 8 2 63
2 2 2 63 2
2 2 63 2 2 8 2 18
2 2 2 2 63 2 20 22 7 2 2 20 21 21 21 21 21 21 22
2 2 2 63 2 2 2 2 2 2 2 8 2 16 17
2 2 2 2 2 63 2 2 8 2 7
2 2 2 63 2 2 8 2 8
2 2 2 2 63 2 2 20 22 2 2 2 2 2 2
2 2 2 2 2 63 2
2 2 2 2 2 2 2 8 2 8 2 10 11 2 2 2 2
2 2 2 63 2
2 2 2 2 2 2 20 21 22 2 20 22 2 2 2 10 35 11
2 2 2 2 63 2 2 8
2 2 2 63 2 2 8
2 2 2 2 2 2 2 63 2 8 2 8
2 49 2 2 2 2 2 2
2 2 2 73 74
2 2 2 2 2
2 2 2 2 2 76 77
2 2 2 2 2
2 7
2 2 7
2 2 2 2 2 8
2 2 2 2 2
20 22 2 2
2 2 2 2 2 2 2 2 8
2 2 2 2 2 2 8
2 2 2 2 2 100 101 102
2 2 2 2 2 7
2 2 2 2 2 2 2 20 22
2 2 2 2 2 2 20 21 22
2 2 2 2 2 2 2 8
2 2 2 2 2
2 2 2 2 2 2 2 2
2 2 2 2 2 2 2 12 14 2 2
10 11 2 2 2 2 2 2
2 2 2 2 2 2 7
2 2 2 10 11 2
2 2 103
2 2 2 2 2 2 2 103
2 2 2 2 2 103
2 2 103
2 2 2 103
2 2 2 2 2 104 106 106 105
2 2 2 2
2 103
2 2 2 2 2
2 2 2
2 2 2 2 2 2 103
2 2 2 2 2 103
2 2 103 2 2 2 2 2
2 2 103
2 104 105 2 2
2 103
2 2 2 2 103
2 103
2 2 2 103 2 2
2 2 2 2 2 107 2 18 2
2 2 2 107 18
2 2 107 2 2 18
2 2 2 2 2 2 18
2 2 107 2 108 109 110 7
2 2 2 2 7 18
2 107 2 2
2 2 2 2 2 2 107 2 2 2 2 107 18 2 16 17
2 2 2 2 2 2 16 24 24 24 17
2 2 2 2 2 2 107 7
2 2 2 2 108 110 47 48
2 2 2 2 2 107 7
2 2 2 107 7
2 2 2 2 10 11
2 2 2 2 2 7
2 2 2 2 2 2 2 2 2 2
2 2 2 2 2 2 107 7 16 17
2 2 2 2 2 2
2 2 2 107 2 7
2 2
2 2 2 2
2 2 2 16 17
2 2 2 2 2 2 2 2 2 2 2 2 2
2 2
2 2 2 2
2 2 2 2
2 2 2 2 2 2 16 17
2 2 2
2 2 2 16 17
2 2 2 2
2 2 2
2 2 16 17
2 2 2 16 17
2 2 2 2 2 2
2 2 2 2 2 2 2
2 2 2 2 2 2 2
2 2 2 2 2 2 2 2
2 2 2 2 2 2 2
2 2 2 2 2 2 2
2 2 2 2 2 2 2 2 2 2 2
2 2 2 2 2 2 2
2 2 2 2 2 2 2
2 2 2 2 2 2 2 2 2
2 2 2 2 2 2 2 2 2
2 2 2 2 2 2 2 2
2 2 2 2 2 2
2 2 2 2 2 2 2 2 2 2 2
2 2 2 2 2 2
2 2 2 2 2 2 2
2 2 2 2 2 2
2 2 2 2 2 2 2
2 2 2 2 2 2 2 2 2 2 2
2 2 2 2 2 2
2 30 31 2
2 2 2 2
2 114 115 116 2 2 2 2
2 114 115 116 2 2 2
2 2 2 2 2 2
2 2 117 2 2 2 2
2 2 2 2
2 2 2 2
2 2 2 2 2 2 2 16 24 17
2 2 2
2 2 2 2 2
2 2 2 2 2 7
2 2 2 7 18 2
2 2 2 18 2
2 2 2 2 2
2 2
2 2 2 2 2 2
2 2 2 2 2 2 2 2 2 16 24 17
2 2 2 2 2
2 2 73 74
2 2 2 73 75 75 75 74
2 2 2 2 60
60 2 2 2
2 2 2 2 2 2 60
2 2 2 2 2 2 2 60
2 2 2 60 2
2 2 2 2
2 2 2 2 60
2 2 2 2
2 2 2 2 60 2
2 2 2 2 60 2
2 2 2 2 2
2 2 2 2 2 60 2 2 2
2 2 2 2 2 2
2 2 76 119 77 2 2
2 2 2 2
2 2 2 2 2 73 74
2 2 73 74 2
2 2 2 2 2 76 77
2 2 2 2
2 2 2 2 2 2 2 2
2 2 2 2
2 2 2 2 2
2 2 2
2 2 2 2 76 77
2 2 2 2 2 2 2 2
2 2 2 2 2 111 112 2
2 2 2 2
2 2
2 2 60 2 2 2
2 2 2 2 123 16 24 17
2 2 2 123 2 2
2 126 127
2 2 123 2 2 2 2 2 2 8 2
2 2 2 63 2 20 22 2 8
2 2 63
2 2 63
2 2 123 2 2 2 2 2 2 20 21 22 2 2
2 2 63 2 2 2 2 2 2
2 2 123 2 2 2 18 2 16 17
2 2 2 123
2 2 123 2 16 17 2 36 2 20 22
2 2 2 63 2 2 8 2 2
2 2 63 2 2 2
2 2 2 123 2 7 18 2 16 17
2 2 2 2 123 63 2 20 22
123
2 2 63 2 2 2 2
2 2 2 2 2 2 2 2 2 2 2
2 2 2 2 2 2 2 2 2 2 2
2 2 2 2 2 2
2 2 2 2 2
2 2 2 2 2 2 2 2
2 2 2 2 2 2 2 2
2 2 2 2 2 2 2 2 2 2 2
2 2 2 2 2
2 2 2 2 2 2 2
2 2 2 2 2 2 2 2 2
2 2 2 2 2 2 2
2 2 2 2 2 2 2 2 2
2 2 2 2 2 2 2 2 2 2
2 2 2 2 2 2 2 2 2 2 2
2 2 2 2 2 2
2 2 2 2 2 2 2 2 2
2 2 2 2 2 2 2 2 2
2 2 2 2 2 2 2 2 2 2 2 2 2
2 2 2 2 2 2 2 2 2 2 2 2 2
2 2 2 2 2 2 2
2 2 2
2 2 2 2 2 2
2 2 2 2 2
2 2 111 120 112 2 73 74
2 2 2 2 2 2 2
2 2
2 2 2 2 2 2 2 134 141 141 135
2 2 2 2 2 73 74 111 120 112
2 2 2 2 2 2
2 2 2
2 2 2 2 2
2 2 111 120 112
2 2 30 31 113
2 2 2 2 2 2 9
2 2 2 2 12 14
2 2 30 31 113
2 2 2 2 2 2 9
2 2 2 129 130 2 2 33
2 129 130 2 9
2 2 9 2 2 113 2 2
2 113 2 2 113 2 9
2 2 2 2 129 130 2 2 25 26
2 2 25 132 26 113
2 2 2
2 2 2 33 129 130
2 113 2 30 31
2 33 2 2
2 2 2 2 2 9 2 113
2 9 2 113 2 20 22
2 30 31 2 2 2 2 2 2
2 2 30 31 129 131 130
2 2 2 73 75 74 2 2 2 2 2 2
2 2 2 59
2 2 2 2 2 2
2 73 75 74 2
59 2
2 2 73 74
2 2 59 2 2
2 2 2 2 2
2 2 2 2 2 2 85 86 2 134 141 135
2 2 2 2 2 2
2 134 135 2 70 71 2 2 2 2 2
2 2 2 2
88
2 133 2 70 143 71
2 2 2
2 2 2 2 2
2 2 88 2
2 2 2 2 133
2 134 135 2
2 139 140 2
2 2 2 2 70 71
2 70 71 134 141 135
2 147
2 134 135 2
2 88
2 2 70 71
2 2 2 2 2 2
2 2 2 2 2 2 2
2 2 2 2 2 2 2 2
2 2 2 2 2 2
2 2 2 2 2 2 2 2 2 2 2
2 2 2 2 2 2
2 2 2 2 2 2 2
2 2 2 2 2
2 2 2 2 2
2 2 2 2 2 2
2 2 2 2 2 2 2 2 2
2 2 2 2 2 2 2
2 2 2 2 2 2 2 2
2 2 2 2 2 2 2
2 2 2 2 2 2 2 2 2 2 2 2
2 2 2 2 2 2 2
2 2 2 2 2 2 2 2
2 2 2 2 2 2 2 2 2
2 2 2 2 2 2 2 2
2 2 2 2 2 2
2 2 2 2 16 17
2 2 2 2 2
2 2 2 16 17
2 2 2 2 2
2 2 2 149 2
2 2 149 2
2 2 2 2 2 2 2
2 2 2 2 2 2 2 73 74 2 2 2 2 149 2 2 2 16 24 24 17
2 2 2 2 2 2
2 2 2 2 2 2 73 74 2 2 2 2
2 2 2
2 2 2 2 2 2 2 2
2 2 2 2 2 2 2
2 2 2 2 2 2 2
2 2
2 2 2 149
2 2 2 2 16 17
2 2 2 2 2 2
2 2 2 37
37 2
2 2 2
2 2 51 2 2
2 2 2 37 2
2 2 2 2 2
2 2 2 2 2 2 37
2 2 2 2 37
2 2 2 154 155
2 2 2 2 2 2 2 38 39
2 2 2 2 37
2 2 2 2
2 2 2 2 2 2 2 51
2 38 39 2
2 2 2 2 2 2 2 59
2 2 2 2 2
2 2 2 2 2 2 37 2 2
2 2 2 2 2 2 2 2 2 2 2 2
2 2 2 2 154 155
2 2 2 2 2 2
2 2 2 2 2 2 2 2
2 2 7 2 2
2 2 2 8 158 159 159 159 160
2 2 2 2 2 161 162 2 16 24 17
2 2 2 2 2 2 2 2 68
2 2 2 2 2 2 2 2 2 2 2 2 2 2 2 2 2 2
2 2 2 2 2 2 158 160 2 2
2 2 2 2 2 8
2 2 2 2 2 2 2 2 2 2 2 2 8
2 2 2 2 2 2 157
2 2 2 157
2 2 157 2 2 2 2 161 162
2 2 2 2 2 2 68
2 2 2 2 157
2 2 2 2 68
2 2 2 2 2 2 158 160
2 2 2 2 2 158 160
2 2 2 2 2 158 160
2 2
2 2 2
2 2 2 2 2 2 2 2 2 2 2 29
2 2 111 120 112
2 2 2 2 2 60
2 2 2 2 2 2
2 2 2 2 2 2 2 2 2 2
2 2 2 2 73 74 2 2 2
2 76 77 2
2 2 2 2 2
2 2 2
2 2 2 111 120 112
2
2 2 2
2 2 2 2
2 2 2
2 2 2 2 2
2 2 2 2 2
2 2 2 2 2
2 2 2 2 2
2 2 2 2 2 2 2 2
2 2 2 2 2
2 2 2 2 2 2
2 2 2 2 2 2 2
2 2 2 2 2 2 2 2 2 2 2
2 2 2 2 2 2 2 2 2
2 2 2 2 2 2
2 2 2 2 2 2 2 2
2 2 2 2 2 2 2
2 2 2 2 2 2
2 2 2 2 2 2 2 36
36 42 44 43 2 2
2 2 2 2 2 2 7
2 2 2 42 43
2 2 2 2 2 36 2 2
2 2 2 36
2 2 2 2 2 36
2 2 2 2 2 36 2 36 2 2 2 2 2 2 2
2 2 2 36 2 2 2 2
2 2 2 2 2 2 36
2 2 2 2 2 2 36
2 2 2 2 2 2 36 2
2 2 42 43 2 2 7
2 2 2 2 36 2 2
2 2 2 36 2 2 2
2 36 2 2 2 2 2 2 2
2 2 2 2 2 2 42 44 43
2 2 2 2 37 2 41
2 36 2 41
2 2 2 2 2 42 43 41
2 2 2 2 2 2 2 2 2 2 2 2 2 2 2 2
2 2 2 2 2 2 2
2 41 2 2 2 32
2 42 43 2 2 2
2 2 2 41 2
2 2 2 2 42 43 2
2 2 2 2 2 2 41 2 2
2 2 2 41
32 2 2
2 2 2 41 2
2 2 2 36 2 2
2 2 41 2
2 2 2 38 39 2 41
2 2 2 2 2 2 2 2
2 2 2 2 32 42 43 2 41 2 2 2
2 2 2 41
2 2 2 2 2 164 166
2 2 2 2 167 2 2
2 2 2 164 166
2 2 2 2 2 2 167
2 2 2 2 2 2 2
2 2 2
2 167 2 2
2 2 167
2 2 167
2 167 2 2
2 167
2 2 2 167 2 2 2
2 2 2 2 2 2 167
2 2 2 2 2 167 2 2
2 2 164 165 166
2 167 2 2
2 2 2 164 166
164 165 165 166
2 167 2 2 2
2 2 2 2 2 2
2 2 2 2 2 2 2
2 2 139 140 2
2 2 2 146 2
2 2 2 2 2
2 2 2 2 49
2 2 2 2 2 2 2
2 2 2
2 2 2 2 2 2
2 2 2 2 70 71 2 2 2 2 2
2 2 2 2 2
2 2 2 2 2 2 2 2 2 2 2
2 2 2 2 2 2 2
2 2 2 2 2 2 2
2 2 2 2 2 2 2 88
2 2 2 2 2 2 2
2 2 2 2 2
2 2 2 2 2 2 2 2 2 2 2 2
2 2 2 2 2 2 2 2
2 2 2 2 2 2
2 2 2 2 2 2 2 2 2
2 2 2 2 2 2
2 2 2 2 2 2
2 2 2 2
2 2 2 2 2
2 2 2 2 2 2 2
2 2 2 2 2 2
2 2 2 2 2 2
2 2 2 2 2 2 2 2 2
2 2 2 2 2 2
2 2 2 2
2 2 2 2 2 2 2
2 2 2 2 2
2 2 2 2 2 2
2 2 2 2 2
2 2 2 2 2 2 2
2 2 2 2 2 2
2 2 2 2 2 2 2
2 2 30 31 2 2 2 2 2 2 2 2 2
2 2 2 2 33 2 2 2 2 2 2 2 2 2 2 2 2 2 2 2
2 2 2 2 9 2 2 2 2 2 2
2 2 2 2 114 115 115 115 115 115 116
2 2 2 2 2 30 31 2
2 2 2 2 2 2
2 2 2 2 2 33 2 15 2
2 2 2 33 2 2 2 2 2
114 115 116
2 2 2 2 2 9
2 2 30 31 2 2 2 2 2 2 2 2 2 2 2 2
2 2 2 2 2 2 2
2 30 31
2 2 2 2 2 30 31
2 2 2 2
2 2 2 9
2 9 2 2 2 2 2 10 11 15
2 2 2 2 2 2
2 2 2 161 162 2 2
2 2 2 2 2 2 161 162
2 2 2 2 2 2 2 2 68 2
2 2 2 2 2 2 2 68
2 2 2 2 2 2 68
2 2 2 2 2 2 2
2 2 2 2 30 31 68 2 2 29
2 2 2 12 13 13 14 2 2 25 26
2 2 2 2 2 2 2 2
2 2 2 2 2 2 33 2 2 16 17
2 2 2 2 2 2 2 161 162
2 2 2 30 31 68 2 10 35 11
2 2 2 2
2 2 2 2 2 68 7
2 2 2 2 2 68
2 2 2 2 2 2 2
2 2 2 2 2 2 7 2 2 68
2 2 2 2 2 68
2 2 2 2 2
2 2 2 2 2 70 71 2
2 2 2 2 2 70 71
2 2 2 2 2 2
2 2 134 141 141 141 141 135 2 2
2 2 2 2 2 2 2
2 2 2 2 2
2 2 2 2 2 2 2 2 2 2 2 2 2 2
2 2 2 2 2 2
2 2
2 2 2 2 2 2 2 68 2 30 31
2 2 2
2 2 2 2 70 71 2
2 2 2 2
2 2 2 2 2 2 2 2 2 2 2
2 2 2 2 2 2 2
2 2 2 2 88 2 2 2
2 2 2 2 2 2 2
2 2
142 2 2
142 2 2 2 2 2
2 2 2 2 2 2
142 2 2
2 142 2 2 2 2 72
142 2 2
142 2 68 2 2 2
2 2 2 2 2
2 111 120 112
2 2 2 2 2 2 2 2 60
2 2 2 2 121 122
2 2 2 2
2 2 2 2
2 2 2 2 2 2 2 118 2
2 59 2 2
2 2 2
2 2 2 2 2 118
2 2 2 2 2 2 2 60
2 2 2 118
2 2 2 2 76 77 2 2 2 118 2
2 2 2 2 76 77 2 2 118
2 2 2 2 2 2 2 118
2 2 2 2 118 2 2 2 76 77
2 2 2 118 2
2 2 2 2 2 118 2 2 2 2 2 60 2
2 2 2 2 118 2
2 2 2 2 16 17
2 2 2 2 2 29
2 16 17
2 2 2 2 2 2 7
2 2 2 2 29
2 2 2 2 16 17 27 34 34 28
2 2 2 2 2 2 2 2 7 2 18
2 2 2 2 16 17 2 2 2 2
2 2 2 2 2 2 16 17
2 2 2 16 17 2
2 2 2 2 16 17 2 15
2 2 2
2 2 2 2 99 2
2 2 2 2 2 2 2 29 2 2 2 15
2 2 2 2 2 2 2 2 15 2 25 26 2 16 17 2 7
2 2 2 2 16 17
2 2 2 2 2 16 24 17 47 48
2 2 2 16 24 17
2 2 2 2 2 2 2 16 24 24 17
2 2 2 2 2 2 2 8
2 2 2 2 2
2 2 2 2 2
2 2 2 2
2 2 2 2 2 2 2 2
2 2 2 2 2 2 8
2 8 2 2 2 2 2
2 2 2 2
2 2 2 2 2 20 22
2 2 2 2 2 2 2 2 2
2 2 2 2 2 2 2 2
2 2 2 2 20 22 2 2
2 2 2 2 2 2 2 2 8
2 2 2 2 2 18
2 2 2 2
2 2 2 2 2 2 2 2 2 20 22 2 2 2
2 2 2 2 2 2 2 20 21 21 22
2 2 2 2 8
2 2 2 2 2 8
2 178
2 175 176 176 176 177
2 2 2
2 2 2 178 2
2 2 2 2 2 2 2 2 178
2 175 176 177
2 175 176 176 176 176 177
2 2 2 2 2 175 176 176 176 176 177
2 2 2 2 2 175 176 176 177
2 2 2 175 176 176 177
2 2 2 2 2 33
2 2 2 2 2 2 49
2 2 2 2 175 176 176 177 2 2 2
2 30 31 2 2
2 2 178
2 2 2 2 2
2 2 88 2 2 49
2 2 2 2 2
2 2 2 2 2 2 175 177
2 2 2 2 36 2 2 2 2 2 2
2 2 2 36
2 68 2 2 2 2 2 2 2 2 2 2 2
2 68 2 2 2
2 2 42 44 43 2 2
2 36 2 2 2 2 2
68 2 2 2 2 2 2 2 2 2
2 2 2
2 2 2 68
2 2 2 68 2 2 2 2 2 2
68 2 42 44 43 2 2 2 2 2 2 2 2 2 2 2
68 2 42 43
68 2 2 2 2 2 2 2 2 2 68 2
2 2 2 2 2 2 68 2
68 2 2 2 36
68 2 2
2 2 2 2 2 2 68
2 2 68 2 36 2 2 2 2 2 2
2 2 36 68 2 2 2
2 2 2 2 2 68
142 142
142 2 2 2 2 181 183
68 2
144 145 179 180 2 2 2 2
2 2 2 2 2 2 179 180
2 2 2 179 184 180
142 68 179 184 180
142 179 180
2 2 2 185
68
142 2 2 2 2 2 179 180
2 2 2 2 2 2 68
142 2 68 2 2 2 2
142 179 184 180 2 2
144 145 2 2 2 179 184 180
2 2 2 2 2 2 2 2 16 24 24 24 24 24 17 2 2 2 2 2
144 145
2 2 2 2 2 2 2 2 185
2 2 2 2 2 2
2 2 2
2 2 2 2
2 2 2 2 2 2 2
2 2 2
2 2
2 2 2 111 112
2 2 111 120 112
2 2 2 2 2 2 2 2 2 2 2 2
2 2 2 2 2 2 2 2 2
2 2 2 2 2 2
2 2 2 2 2 2 2 2 2 2
2 2 2 2 2 2 2
2 2 2 2 2 2
2 2 2 2 2 2
2 2 2 2 2 2 2 2 2 2 2 2
2 2 2 2 2 2 2 2
2 2 2 2 2 2 2 2 2 2
2 2 2 2 2 2 2 2 2
2 2 2 2 2 2 2 2
2 2 2 2 2 2 2 2
2 2 2 2 2 2
2 2 2 2 2
2 2 2 2 2 2 2 2
2 2 2 2 2 2 2
2 2 2 2 2 2 2 2 2 2
2 2 2 2 2 2
2 2 2 2 2 2 2 2 2 2
2 2 2 2 2 2 2 2
2 2 2 2 2 2 2
2 2 2 2 2 2
2 2 2 2 2 2 2 2 2 2 2 2
2 2 2 2 2 2 2 2 2
2 2 2 2 2 2 2 2 2 2 2
2 2 2 2 2 2 2
2 2 2
2 2 2 2 2 2 2 2 2
2 2 2 2 2 2 2 2 2 2
2 2 2 2 2 2 2
2 2 2 2 2 2 2 2 2 2 2 2 2 2
2 2 2 2 2 2 2 2
2 2 2 2 2 2
2 2 2 2 2
2 2 2 2 2 2 2 2 2 2
2 2 2 2 2 2 2 2 2 2
2 2 2 2 2 2 2 2
2 2 2 2 2 2
2 2 2 2 188 189 190
2 2 2 2 2 2 192
144 145 2 2 2 2
2 186 187
2 2 186 187
2 2 2 2 2 2 2 2 2
2 186 187
2 2 2 2
2 2 186 187
2 2 2 186 191 187
2 2 2 2 2 2
2 2 2
2 2 2 2 2 7
2 2 2 2 2 2 2 2 2 2 2 2 2 2
2 2 2
142 2 2
2 2 2 2 2 2
2 2 2 186 187 2 2
2 2 2 16 17 2 2 20 22 2 2 2 2 2 20 22
2 2 2 16 17 2 8 2 2 2 2 2 8
2 2 2 2 2 2 2 2 8
2 2 2 2 2 2 2 2 2 99
2 2 2 2 2 8
2 2 2 2 2 2 2 16 17 8 8 2
2 2 16 17 2 99 2 2 2 2 2 2 2 2 99 2 2
2 99 2 2 99
2 2 194 2
2 2 2 2 2 2 194
2 2 2 2 2 2 2 2 2 2 2 2 2 194 2
10 11 2
2 2 2 2 2
2 2 2 2 2
2 2 2 2
2 2 2 2 2 2 2
2 2 2 194 2
2 2 2 2
2 2 2
2 2
2 2 2
2 2 2 73 75 74
2 2 73 75 74
2 2 2 2 2 73 75 74
2 2 73 74 2
2 2 2 2 2 2 2 59 2
2 2 2 73 74 16 24 17
2 2 59 2 2 2 2 2 2 2
2 2 2 2 73 75 74
2 2 2 2 2 2 2 2 2 2 2 2 2 2 2 2 2
2 2 2 2
2 2 2 2 2 2 2 2
2 2
2 2
2 2 2 2 2
2 2 2 2 2 2 2 2 2 2 2
2 2 2 2 2 2 2
2 2 2 2
2 2 2 2 2 2 2 2 7
2 2 2 2 2 2
2 2 2 2 2 2 2 2 8 2 2 2 2 8
2 2 2
2 2 2 2 2 2 2 2
2 2 2 2 2 2 2 2
2 2 2 2 7
2 2 2 2 2 2 2
2 2 2 2 2
2 2 2 2 2 2 2 2 2 2 2
