2 2 2 2 2 21 49 49 49 2 83 84 2 2 2 2 20
2 2 2 2 17 18 2 40 2 2 25 109 19 2
2 2 50 13 14 14 14
2 13 14 14 14 14 34 2 58 53
2 2 2 2 50 51
2 2 2 2 50 2 2 13 14 14 14
2 26 2 2 2 2 56
2 57 50 34 53 2 2 58
2 2 2 45 46 2 2 21 2 69 41 2
2 7 33 33 2 4 5
2 2 2 2 20 2 17 18
2 2 2 2 20 2 47 48 2 22
2 2 2 2 2 50 2 13 14 14 14 14 2
2 2 50 51
2 17 18 61 62 18 2 2 2 2 2 2 35 36 2 47 48
2 76 14 14 2 2 11 12 12
2 2 25 3 2 4 5 2 26 27 2
2 30 31 2 2 7 8 8 8 2 2
21 49 49 2 42
2 2 50 2 13 14 14 14 2
2 2 2 30 31 31 31 2 2 7 8 8 8
2 42 2 2 2 21 49 49 2
2 2 2 2 2 22 2 17
2 2 2 2 3 2 4 2 56
2 4 5 2 7 8 8 8
2 2 2 2 2 9 2 11 12 2 17 18
2 2 2 2 2 47
2 2 44 2 47 2 40
2 2 2 2 2 2 47 40
2 2 2 2 68 69 69 69 2 35 36 36 36 2 40
2 2 2 13 14 14 50
2 2 13 14
2 2 2 7 8 2 2
2 2 13 14 14 34 2 2 58 53 2
2 13 14 14 14
2 2 3 2 26
2 50 2 44 14 2 2 2 40 34 53 2
2 2 2 2 2 50 2 42 21 49 2
2 2 3 2 7 8
2 2 2 2 57 50 34 2 2 58 53 2
2 2 50 13 14 14
2 2 56 3 2 56
2 13 14 88 14 14 2
2 34 53 2 57 50
2 2 3 2 7 8 2
2 2 2 2 35 36 37 2 22 2 17
2 2 2 63 45 2 17 2
2 2 3 2 6 7 8 2
2 2 2 2 2 2 20 2 35 36 36 2 17 61 62 18
2 2 21 47
2 2 63 2 74 75 75 2
19 2 40 2 20 2 69 61 62 18
2 2 2 2 2 50 51 2 11 12 12 2
2 2 50 2 13 14 14
2 2 2 2 2 19 2 35 36 2 2 40
2 2 2 50 51
2 2 50 2 13 2 34 14 14 2
2 2 3 2 2 2 2 7 8 2
2 2 3 2 4 2 2 56
2 31 31 2 2 2 2 6 7 8 8 2
2 13 14 14 14 2 2 50 51
2 4 5 2 2 56
2 2 2 56 2
2 2 2 21 15 2 42 43
2 2 2 26 27
2 57 50 34 53
2 2 2 2 2 74 75 75 75 75 2
2 2 2 2 20 17 18 2 40 2
2 2 2 9 150 10 10 10 10 10 2 2 11 12
2 2 4 5 3 2 6 7 8 2 2
2 2 2 2 2 2 2 10 10 10 10 10 2
2 2 2 44 2 17 2 47 2 47 2
2 2 2 2 2 2 2 20 2 40
2 42 2 21 49
2 2 2 2 2 2 2 45 46 2
2 32 33 33 2 4 5
2 13 14 14 14 34
2 2 50 2 9 10 10 10 10 10 2 2 15 16 2
2 28 33 2 4
2 2 57 50 2 34 53
2 2 2 2 2 2 2 2 2 40
2 42 43 2 2 21 2
2 2 2 63 2 2 2 2 47 2 17 18
2 2 56 3 2 4 5
2 57 50 34 2 2 58
2 9 14 14 14 14 2
2 2 73 2 19 2 17 61 62 18
2 9 2 2 2 9 10
2 13 14 14 14 34 2 2 58 53
2 2 2 20 2 19 2 73
2 2 6 121 122 8 8 2 2 30
2 2 57 50 2 34 2 2 2 2 58
2 2 2 2 2 2 25 19 2 17 18
2 2 2 50 51 2 2 11 12 17 18 18 18
2 2 2 2 20 2 35 36 17 18 18
2 2 2 2 2 125 126 127 75 75
2 2 2 47 48 2 2 19 92 2 2 2 2 20
2 2 2 2 2 2 9 10 10 10 10 2 17 18 2
2 2 2 2 2 2 2 2 20 2 17 18 2 2 19 2 73 21 2 83
2 50 2 9 49 10
2 13 14 14 34 53
2 2 2 2 2 40 41 2 2 2 2 20 2 20 133 84
2 2 7 8 2 2 26 2
2 2 25 3 2 4 5 2 26
2 2 2 50 51 2 11 12 12
2 2 2 2 2 2 50 13
2 2 3 2 2 2 2 56 2
2 2 2 2 2 20 2 2 25 109 19
2 13 14 14 14 2 2 50 51
2 42 2 2 2 21 49 2
2 2 64 65 66 3 2 4 2
2 2 2 2 20 2 2 2 19 2 2 23 24
2 2 25 2 4
2 2 2 2 2 9 14 2 14 54 55 14 14 14 14 10
2 7 33 2
2 2 60 19 2 68 69 69 69
2 2 2 2 2 2 19 24 2 17 18 61 62 18
2 26 2 2 2 2 4 5 2 2 3 2 2 2 56
2 2 2 50 51 2 42 43 2 2 2 40 21 49
2 2 2 13 14 14 50
2 2 2 2 2 50 13
2 2 56 2 2 4 5 2 2 26
2 30 161 5 2 7 8
2 2 2 2 2 22 52 2 2 2 63
2 2 19 2 22 2 17 61 62 18 2 68 69 69 69 2
2 2 2 2 2 2 74 75 75 2 17 18 18 2
2 15 16 2 2 21 2 2 2 9 10 111 112 10 10 10 10 10 2 17
2 34 2 2 58 53 2 13 14 14 14 14 14
2 2 2 21 15 16 2 9 10 10 10 10 10
2 2 2 2 13 14 14 2 34 2 2 58 53
2 30 31 2 6 7 2
2 2 2 9 10 2
2 44 2 2 2 47 2 40 2
2 2 19 2 2 40 41 2 17 18 2
2 2 2 2 2 20 2 22
2 7 8 8 2 2
2 2 2 44 17 18 18 18 21 2 74 75 75 75
2 2 2 2 9 10 10 10
2 30 2 6 2 7 8 8 8 8
2 2 3 4 5 2 7 8 8
2 2 3 2 6 2 2 7 8
2 9 10 2 11 12
2 13 14 54 2 2 50
2 2 3 2 2 7 8 8 2 8
2 2 2 63 17 2 74 75 75 75
2 2 2 2 2 47
2 57 50 2 2 2 2 2 2 34 2 2 58
2 2 2 2 2 2 47 48 22 52
57 50 2 53 2 2 57 2 2 34
2 2 59 2 2
2 2 7 3
2 2 25 109 3 2 26 27 2 4 5
2 42 2 2 21 49 2
2 30 161 31 31 2 2 7 8 2
2 2 50 2 9 10 2 11 12 2
2 2 2 2 2 19 92 2 20 2 2 23
2 57 50 2 34 53
2 2 2 2 2 56 3 2 4
2 2 2 50 51 2 76 14
2 2 19 2 47 48 2 17 2
2 2 2 4 2 2 56
2 32 33 33 33 33 33 2 4 5
2 25 4 2
2 2 2 2 2 20 17 18 18 2 2 19 2 2 23
2 30 31 2 6 7
2 2 2 2 2 50 2 13 14 14 14 2
2 13 14 34
2 2 2 2 2 2 19 92 92 2 68 69 69 2 2 19 2 73
2 2 2 50 13 14
2 2 50 2 13 14 14 14
2 2 2 4 5 5 2 3 85 2 26
2 2 13 34 2 2 2 58
2 2 3 2 6 121 122 8 8 8 2
2 2 2 50 13 14
2 2 50 51 2 11 12 12
2 2 2 57 50 34 53
2 4 5 2 2 2 56
2 30 31 2 7 8
2 2 2 2 2 44 2 22
2 34 2 2 58 2 57 50
2 2 2 2 2 2 63 2 74 75 75 75
2 2 2 2 2 7 8 8 2
2 34 2 2 57 50
2 2 63 2 47 22
2 28 29 2 4 5 2 26
2 2 2 63 2 40
34 2 2 58 2 2 57 50
2 13 14 34 2 2 58
2 30 31 31 2 7 8 2
2 2 50 2 13 14 14 14
2 2 13 14 14 50
2 2 2 2 2 2 7 8 8 2 6 2 3
2 30 31 2 6 7 8 8 2
2 2 3 2 2 7 8 2 2
2 2 50 51 2 13 14 2
2 2 2 9 12 2 9 10 10 10
2 2 2 57 50 2 34 53 2 2 58
2 2 25 109 19 92 92 2 47 2
2 2 57 50 34 2 58
2 57 50 2 2 2 34 2 2 58 2
2 2 2 2 2 2 89 90 91 40
2 2 13 14
2 2 50 2 42 2 11 12 2
2 2 50 51 2 42 43 21 49 2
2 56 2
2 3 2 7 8 8 8
2 2 2 26 2 4 5
2 2 2 2 2 44 2 2 74 75 75 75
2 2 13 14 14 14 34 53 2 2 58 2
2 2 2 2 50 13 14 14 14 2
2 30 31 31 2 6 7 2
2 2 2 2 32 33 33 33 2 4 5 2 26 27 2
2 32 29 2 4 5
2 13 14 14 14 67 34 2 2 58 53
2 7 78
2 34 2 2 58 2 57 50
2 2 2 2 2 2 86 87 61 107 107 62 18 2 47 48
2 2 2 2 2 47
2 13 14 14
2 2 3 4 5 2 79 80 7 8 8 8 2
2 2 2 50 13 14
2 2 4 5 3 2 56
2 3 2 2 4 5 5 2 26 2
2 63 2 2 47 48 2
2 2 2 2 2 19 2 20 2 22 2
2 2 2 4 5 5 2
2 2 2 2 2 19 92 21 22 2 2 2 2 20
2 2 2 2 3 2 2 4 5 2 26 27
2 2 2 2 20 2 17 18 2
2 2 2 2 2 2 74 75 75
2 30 31 31 2 6 7 8 8 2
2 2 50 2 13 14 14 14 2
2 2 2 2 35 2 47 2 68 69 69 69
2 2 2 2 2 42 2 21
2 2 13 14 14 14 50
2 2 2 63 21 2 74 75 75 75 17 18 18 2
2 2 2 2 2 2 45 46
2 56 2
2 2 2 2 20 2 2 19 2 60
2 26 7 8
2 2 2 63 2 47 48
2 42 2 2 2 2 11 12 2
2 2 2 2 2 56 2 2
2 2 2 9 10 10 10 2 2
2 2 2 13 14 67 34 2 2 58 53 2
2 2 9 2 2
2 2 2 2 2 50 13 14 14
2 2 2 50 2 13 14 14 14 14 14 14 14 14 14 14 2
2 2 2 2 2 47 22
2 2 2 2 50 2 13 14 14
2 2 2 63 21 49 49 49 2 74 75 75 48 2 17 18 61 62 18 2
2 2 2 2 2 2 25 109 19 92 92 21 40 2 20 2 2 2
2 2 2 26 27
2 2 50 13 14 14 34 2 2 58
2 2 2 4 5 2 6 7 8 8 8 8 2 2
2 2 2 2 2 45 17 18 18 2
2 2 50 13 14 14 14 14
2 50 51 2 42 21
2 30 2 2 7 8 8 8 2
2 2 50 51 2
2 13 14 54 55 14 14 14 2 14
2 2 2 2 2 2 42 2 11 12 2
2 2 2 2 2 2 17 18 18 2 47 2 22
2 30 31 31 31 2 6 7
2 2 2 2 2 20 2 47
2 2 2 2 44 2 47
2 13 14 14 2 2 50
2 2 2 2 26
34 2 2 2 2 2 2 2 19 2 2 23 2 22
2 2 2 2 2 2 2 2 9 10 10
2 30 31 31 2 6 7 8 2 2
2 2 2 2 2 2 2 47 2 40 2 17 18
2 2 9 111 112 10 10 10 10 10 2 2 11 12
2 2 2 44 2 17 18 2 47 48
2 2 2 21 15 2 9 10 10 10 10
2 2 19 2 40 2 17 18 61 107 107
2 34 2 2 58 53 2 13 14 14 14
2 2 50 2 13 14
2 2 56 3 2 2 4 5
2 2 57 50 34 2 58
2 2 2 64 65 66 19 2 2 60 133
2 13 14 14 34 53 2 58
2 2 2 13 14 14 50 51
2 2 44 2 47 2
2 2 2 2 56
2 2 2 2 2 2 13 14 2
2 2 2 2 57 67 2 2 2 2 34 2 2 58
2 2 2 26 2 2
2 28 29 33 2 4 5 2 26
2 30 31 31 31 2 6 7 8 2
2 76 106 14 14 14 14 14 2
2 13 14 14 34 2 58 53
2 2 2 2 2 2 42 2 2 2 11 12 12 2
2 50 51 2 11 12
2 2 2 2 2 2 19 2 2 23
2 2 50 2 13 14 14 2
2 2 4 5 2 7 8 8
2 11 12 50 51
2 2 2 2 2 76 77 14 14 14
2 2 2 3 2 7 8 8
2 2 2 34 2 2 50
2 2 2 2 2 44 2 17 18 2 22
2 2 2 2 4
2 2 2 35 36 36 36 2 17 18 2 2 2 2 20
2 2 2 2 68 69 69 69 2 2 19 2
2 2 2 4 5 3 2 6 7 8 8 8 2 2
2 2 13 14 67 2 34 2
2 2 50 51 2 11 12 2
2 2 121 122 8 2 2 26
2 2 2 2 2 40 52 2 20 2 35 36
2 2 2 2 2 2 2 2 2 2 20 2 2 19 17 22 2
2 2 2 56 2 4 5 2 26 2
2 2 13 14 14 14
2 2 2 3 2 6 7 8 2
2 2 2 2 2 56 2 2 4
2 2 57 50 34 2 2 58 53 2
2 2 2 2 2 2 47 48 40
2 2 2 2 56 2 26 2
2 2 2 2 2 2 2 2 2 40 17 18 18 18
2 2 57 50 2 34
2 2 50 2 76 77 14 14 14
2 4 5 2 6 7 8 8 2
2 13 14 14 14 14 67 2 34
2 57 50 2 34 2 2 58 2
2 2 2 21 15 16 2 9 10 10
2 13 14 14 2 2
2 2 2 56 3
2 2 2 2 2 2 2 47 17 47 18 2
2 30 2 2 7 8 2
2 2 2 2 26
2 2 2 9 10 10 10 10 2
2 7
2 2 2 2 19 2 17 18 2 20
2 26 2 2 25 109 2
2 44 2 17 21 49 49 49 2 22 52
2 2 2 7
2 2 2 2 2 2 22
2 2 4 5 2
2 57 50 67 34 53
2 2 57 50 2 34 2 2 58 2
2 111 112 10 10 10 10 2 2 11 12 2 17 18
2 2 2 2 2 47 2
2 21 42 2 50 51
2 2 3 2 6 2 7 8
2 42 2 2 2 17 18 2 2 11 12 12 2
2 34 2 58 53 2 2 57 50
2 2 4 5 3 2 2 7 8 8 2
2 30 31 31 2 6 7 8 8 8 2
2 4 5 2 6 7 8
2 30 31 2 6 7 8 8 8 2
2 2 2 44 2 17 2 47 48 22 52
2 2 2 2 2 2 2 2 35 36 36 2 22 2 17 18
2 2 2 2 2 2 50 13
2 42 2 2 2 2 21 15 2
2 2 2 2 2 2 2 19 2 40 41 2 2 23 24 2 17
2 2 2 50 51 2 11 12 12
2 2 19 92 2 47 22 2 2 23 24 24 2 17 18 2
2 2 13 14 14
2 2 2 2 2 2 47 48 2 22
2 2 2 2 2 20 2 2 64 65 66 60 19 2 47
2 2 2 2 40 2 20
2 2 11 12 50 51
2 2 2 2 2 40
2 7 8 2 30 31 31 31 31
2 2 2 2 2 2 2 2 50 51 2 13 14 14 14 14 2 14 14 14 14 2
2 4 31 3 2 6 7 8 8
2 2 2 2 2 47 2 44 2
2 2 3 28 29 2 4 5
2 2 2 2 2 13 14 14 14 14 14 14 50 2
2 2 2 2 2 2 17 18 18 2 47 22
2 4 5 2 3 2 6 7 8
2 2 57 50 34 2 58
2 2 57 50 34 2 2 58
2 2 2 50 51 2 21 42 43
2 2 63 2 2 47 48 2 17 2
2 2 2 2 2 47 40 41 41
2 2 25 109 2 2 4 2
2 2 2 2 2 70 72 36 2 22 2 20
2 2 44 2 17 18 18 2 47 40 41
2 9 10 10 10 10 2 2 17 18 2
2 26 2 2 2 2 4 5
2 2 2 2 9 131 10 10 2 17 18 18
2 2 57 50 2 34 2 2 58 53
2 2 44 2 47 22
2 2 2 2 2 2 2 40 41 41 41 2 86 87 61 62 18 2
2 2 2 2 2 2 2 2 2 47 2 2 2 2 40
2 34 2 2 57 50
2 2 2 2 20 2 2 2 25 19 2 47 2 2 60 2
2 25 5 5 2
2 2 2 4 5
2 30 31 2 7 8
2 2 2 26 2 2 3 2 56
2 9 10 10 10 2 2 2 21 15 16
2 42 2 2 2 11 12
2 2 50 13 14 14 14 14 14 14 14 34 2 2 58 53
2 2 19 2 20 2 2 17 18
2 60 2 2 68 69 69 2 2 19
2 2 2 2 2 13 14 2 14 50 2
2 2 2 2 2 50 51 2 13 14 14 14 14 14
2 2 2 2 44 21 2 40 2 17 18
2 2 2 2 5 2 26 2
2 2 50 2 13 14 2
2 34 2 2 58 53 2 13 14
2 2 9 10 10 10 2 10 10 2 2 2
2 2 25 56 3
2 13 14 14 34 2 58 53
2 2 2 2 2 20 2 2 2 19 2 2 2 47 2 47 19 2
2 30 2 6 7 8 8 2
2 2 2 2 2 2 22 2 17 18 2
2 30 31 31 31 31 2 31 31 31 31 31 31 2 7 8 8 8
2 2 2 2 20 2 2 40 19
2 2 50 51 2 17 18 2 11 12
2 28 5
2 2 2 9 10 10 2 2 15
2 2 2 2 2 2 20 2 2 21 2 83 2 17 18
2 2 2 2 2 3 2 6 7 8 2
2 2 2 2 2 47 2 22 2
13 14 14 2 2 2 2 2 2 34 2 2 2 2 2 58
2 2 3 2 4 5 2 26 27
2 2 2 50 2 13 14 14
2 2 2 2 2 22 2 2 2 2 20 2 2 19 21 49
2 2 13 14 14 14 14 14 14 67 2 34
2 2 56 3 2 2 25 2 2 2 4 2
2 2 2 9 10 2
2 2 2 57 50 2 34 2 2 2 2 2 58
2 2 2 13 14 50 2
2 2 2 2 2 47 48 47 2 17
2 2 57 50 2 34 53
17 18 18 2 2 2 2 2 2 63 2 22
2 4 5 3 2 6 7
2 2 2 2 25 4 5 3
2 50 51 2 11 12
2 2 2 59 2
2 2 59 2 2 2
2 2 2 50 13 14
2 2 50 2 13 14 14 14 2
2 2 2 2 2 56
2 2 50 51 2 13 14
2 50 51 21 49 49 42 2 17 18 18 18
2 2 50 13 14 14
21 49 49 2 50 51 2 42
2 2 2 2 2 44 2 17 18 2 47 2 40 41 41 2
57 50 2 2 34
2 2 2 2 2 21 22 2 17 18 18 2 2 2 2 20
2 2 2 2 2 2 63 45
2 9 10
2 2 19 2 60 2 2 20 2
2 2 57 50 2 34
2 2 2 9 2 2 11 12 2
2 2 2 2 2 45
2 2 2 9 10 2 2 2 15 16 2
2 2 2 50 51
13 54 55 14 14 14 14 14 14 14 2 34 2 2 58 53
2 2 50 51 2
2 2 2 2 34 53 2 2 13 14 14 14 67 2
2 50 51 2 21 49 2 42 43
17 18 18 2 2 2 19 2 40 41 2 20
2 32 2 26 2 25 3
2 30 31 31 2 2 7 8 8 8 2 2
2 60 2 19 2 20
2 2 17 2 74 75 75 75 75
2 2 2 2 20 2 2 2 19 21 2 2 73
2 2 25 109 3 2 4 5 5
2 2 2 2 2 25 3 2 28 2 26
2 2 19 92 2 20 2 2 23
2 2 2 50 13 14 14
2 2 2 63 45
2 2 2 3 2 4
2 2 2 2 2 2 2 47 14
2 2 2 63 2 17 2 2 22 2
2 2 2 50 13 14 14 34 53
2 2 2 2 2 2 21 2 2 2 47 48 2 17 18 2 2 2 20 2
2 2 4 5 5 2
2 2 35 36 36 2 47 48 2 20 2 2
2 2 25 19 2 47
2 2 9 14 14
2 30 99 100 31 2 2 6 7 8 8 2
2 2 9 2 2
2 13 14 50
2 2 2 2 2 2 2 2 74 75 75 75 2 74 75 75 75 2
2 2 57 50 2 2 2 34 53
2 2 21 15 16 2 9 10 10 10 10
2 2 2 2 2 2 50 13 14 14
2 50 51 2
2 3 2 4 5
2 30 31 31 2 7
2 2 2 2 32 2 4 5 5 29 29 33
2 2 2 50 51
2 4 5 3 2 6 7 8
2 30 31 31 31 2 6 7 8 2
2 2 50 13 14 14
2 2 25 56 3 2 4 5 2
2 2 2 17 2 2 47 2 40 41
2 13 14 14 14 14 34 2 2 58
2 4 31 2 7 7 8 2 2
2 2 2 9 10 2
2 2 74 75 75 2 17 18
2 2 2 2 2 47
2 2 3 2 6 7 8 8 8 8 2
2 2 2 2 44 2 2 2 40 41 41 2
2 2 2 13 14 14 14
2 2 13 14
2 13 14 14 14 14 14 34 2 2 58
2 2 2 2 2 17 2 17 80 75
2 2 2 2 68 69 69 69
2 2 2 2 2 35 36 36 36 36 2 20 2 2 47 48 22
2 2 19 2 35 2 20
2 57 50 34 2 2 58
2 2 2 44 2 47
2 13 14 14 14 14 67 34 2 2 58
2 2 26 27 2
2 2 2 9 111 112 10 10 10 2 10 2 2 2
2 3 2 6 7 2
2 2 2 2 50 51
2 30 31 31 31 2 6 7 8 8 2
2 2 2 2 2 17 18 18 2 22
2 2 2 2 20 2 2 2 19 2 40
2 2 3 2 4 2 6 7 8 2
14 14 14 2 14 2 34 2 2 58
2 2 13 14 14 34 53
2 19 2 2 2 20 2 2 19 2 47 48
2 13 14 34 2 2 58 53
2 2 2 2 2 19
2 2 2 17 18 2 2 45 2 21
2 50 51
2 2 19 2 47 2 20 2
2 2 2 2 2 2 42 43 21 49 49 2
2 2 2 2 2 25 56 3 2 4 5
2 57 50 2 34 53
2 44 2 2 2 47 2
2 2 2 2 3 2 2 2 26
2 2 2 2 20 2 40 2 17 18 18
2 2 2 2 56
2 2 2 50 51 21 49 49 21 2 2 2 17 18 2 42 43
2 2 2 2 20 2 2 19 2 73
2 2 2 3 2 6 7 8 8 8 8 2
2 30 31 2 2 7 8 2
2 2 22 2 47 2 68 69 69
2 2 19 21 2 83 84
2 2 2 2 20 2 17 2 22 2
2 2 2 2 2 2 21 22 17 18 18 18 18 18 18 2
2 2 25 2 2 4 5
2 2 13 14 14 14 50
2 13 14 2
2 4 5 2 6 2 7 8
2 2 2 13 14 14 67 34 2 58 53
57 67 2 2 2 2 34
2 34 53 2 13 14 14 14 14 14
2 2 2 2 20 2 2 20 2 2 19
2 2 3 2 4 5
2 2 50 2 13 14 14 2
2 2 2 13 14 14 14 14 112 88 55 14 14
2 2 56 4 5
2 13 14 14 14 14 14 14 67
2 2 2 4 5
2 2 50 51 2 13 14 2
2 13 14 14 34 53
2 2 2 2 2 2 2 40
2 2 2 2 9 10 10 2
2 2 25 3 2 2 56
2 2 63 2 2 21 2 47 2
2 2 57 50 34 2 58
2 2 2 21 15 2 9 10 10 2 2 17 2
2 42 2 2 2 2 11 12
2 2 7 8 2
2 2 3 2 6 7 8 8 2
2 40 2 2 2 63 2 47
2 2 2 63 2 17 18 2 47 2 40 41 41 41 41 2
2 2 2 2 2 20 2 2 21 64 65 66 19 2 40 2 17 18 18 2
2 4 5 5 2 6 7 8 2
2 4 5 2 7 8
2 2 2 2 2 2 2 2 2 47
2 2 50 2 6 7 8 8 2
2 2 3 2 4 5 2 2 7 8 8 2
2 2 9 2
2 2 4 5 2 6 2 7 8 8
2 2 30 2 2 31 2 2 7 8 8 2 2
2 2 2 3 2 56 2 4 5
2 2 2 2 20 2
2 2 2 2 2 2 9 10 2 10 2
2 50 51
2 2 2 2 2 2 2 17 18 18 18 2 74 75 75 75 75 75 75 75 75
2 3 2 7 8
2 2 2 21 15 16 2 9 10 10
2 2 2 56 3
2 34 2 2 58 53 2 13 14
2 2 2 13 14 14 14 2
2 30 31 31 2 7 8 8 2
2 2 3 4 5 2 2 7 8 8 2 2
2 2 2 2 50 51 2 42 21 49 49 2
2 50 51 2 42 43 2 21 49 17
2 2 2 2 44 2
2 56 2 2 4 5 5 2
2 2 9 10 10 10 2 2
2 30 31 2 6 7 8 8 8 2 2
2 2 2 2 2 50 2 13 14 14 14 14
2 2 2 2 2 19 21 49 49 2 22
2 2 2 2 2 3 2 6 7 2
2 2 2 2 2 73 19 2 22
2 2 2 21 15 16 2 2 2 42 17
2 2 42 11 12 12 2 2 17 18 2
2 30 31 31 2 6 7 8 2
2 2 2 50 51
2 2 2 19 92 92 2 2 2 20 2 2 73 110 2
2 9 2 47 44 2
2 2 2 2 35 36 36 36 36 36 21 2 83
2 2 44 17 2 74 48 2 2 40 41 41
2 2 7
2 2 20 2 2 47
2 13 14 14 54 88 55 2 2 50
2 2 13 14 14
2 21 42
2 2 2 2 2 50 2 13 14 14
2 2 2 2 2 22 2
2 2 2 2 9 10 10 10 10
2 2 2 2 2 2 47 2
2 50 2 9 10
2 2 2 63 2 47 48 2 22 17
2 2 44 45 17 2
2 2 2 2 2 2 56 2 2 2 3 2
2 2 2 2 20 2 2 19 2 47 2
2 50 13 14 14 14 14 14
2 2 25 3 2 4 5 2 26
2 40 36 44 2 47
2 2 2 2 2 2 11 36 12 2 2 47 10 111 2 2 50 2 2 2 2 2 2
2 3 2 7
2 13 33 33 3
2 2 2 2 13 14 14 14 14 2 2 2 34 2
2 2 2 2 2 47 2 47 48 2 2 17 18 2
2 2 2 2 93 94 69 69 69 2 2 19 2 17
2 2 19 21 49 2 83 84 84 84 2 17
2 4 5 2 6 2 7 8
2 2 2 2 2 57 50 34 53
2 2 2 2 2 2 17 18 2 47 2 68 69 69
2 26
2 2 2 42 2 2 11 12
2 13 14 14 50
2 2 59 2 26
2 30 31 31 2 6 7 8 2
2 2 2 2 2 25 3 2 4 5 14 2 2 56
2 2 2 76 77 14 2 34
2 50 51 21 2 42 43
2 2 63 2 47 22 52
2 3 2 7 8
2 2 2 2 2 2 44 17 18 2 125 126 75 75 2 41
2 2 2 63 2 2 45 46 2
2 9 10 10 10 10 2 17 18 18 2
2 2 2 2 2 67 13 14 34 2 58 53 2
2 2 2 2 22 2 86 87 18 61 62 18
2 2 2 13 14 14 50
2 2 2 2 2 2 2 17 61 62 18 2 22
2 2 4 5 2 6 7 8
2 2 2 2 2 25 109 3 85 2 56
2 2 2 2 26 2
2 2 2 2 50 2 13 14 14 14 14
2 13 14 14 67 34 2 2 58
2 2 2 2 2 56
2 2 2 2 2 2 9 10 2
2 13 14 14 14 14 2 34
2 50 51 2 11 12 12
2 34 2 2 58 53 2 57 67
2 59 78 2 26 27
2 2 19 2 2 23 2 47 22 2 93 94 69 69 69 2
2 2 2 2 20 2 22
2 2 2 2 2 56
2 2 63 2 47 40
2 2 2 2 50 13 14 14 14
2 2 2 13 14 14 50 2
2 2 2 2 2 9 10 2 2 15 16
2 13 2 14 2 2 50
2 2 2 2 2 2 17 2 35 36 36
2 32 5 33 2 2 56
2 2 57 50 34 53
2 2 2 2 2 50 51 13 14
2 2 63 2 47
2 2 2 2 2 2 19 92 2 35
2 2 2 2 2 2 2 20 2 2 21 49 19 2 40 2
2 2 2 42 43 21 49 49 2 2 2 50 51
2 2 3 2 6 7 8 2 2
2 2 2 2 20 2 2 19 2 47 48 2 60 2 17 18
2 2 2 2 2 2 2 19 2 22 2 17 18 18 18
2 26 2 2 4 5 25 2
2 13 14 14 2
2 2 57 50 34 2 58 53
2 2 50 51 13 14 14
14 13 14 14 50 51
2 42 2 2 11 12
2 2 3 2 7 8
2 2 13 14 14 14 14
2 4 5 2 2 7 8
2 9 10 2 2 11 12
2 34 53 2 57 50
2 13 14 14 88 55
2 2 2 2 2 25 109 60 133 19
2 2 50 2 13 14 14
2 13 14 14 14 34 2 2 58 53
2 2 2 2 2 42 43 2 11 12
2 2 57 50 34 2 58
2 2 2 50 51 2 11 12
2 2 4 5 2 7 8 2
2 2 50 2 13 14 14
2 2 2 2 2 20 2 40 2 17 18
2 2 2 2 2 47
2 2 4
2 2 2 2 4 5 2
2 57 50 2 2 34
2 2 13 14 2 14 50
2 2 2 2 2 50 2 13 14 2
2 2 2 50 51 2 42 21 49 49
2 2 2 2 2 13 14 14
2 42 2 2 2 11 12
2 2 2 2 2 2 19 2 47 48 2 20 2 17 18
2 30 2 7 8 8
2 13 14 29 50
2 2 2 2 2 2 2 2 45 17 18 18 2
2 2 20 2 2 25 19 92
2 30 31 2 7 8
2 2 50 2 13 14 14 2
2 2 2 2 2 2 56
13 14 14 2 2 34 2 2
2 2 2 2 2 50 2 13 14 2
2 42 2 2 2 2 21 15 16
2 2 2 2 35 36 36 2 2 2 2 20 2 47
2 2 2 2 4 2 2 2 2 56
2 2 2 50 51 2 2 42 43 2 21 49 49 2
2 2 2 2 2 2 2 74 10 10 2 11 12
2 15 2 2 9 10
2 2 2 2 73 2 22 2 2 19 17 18 18
2 2 50 13 14 14 14 2 2 34 53
2 2 57 50 34 2 58
2 2 30 31 2 2 7 8 2
2 30 2 7 8 3
2 2 2 50 2 13 14 14 2
2 2 2 3 2 4 5 5 2 47 2 26
2 2 2 2 2 2 2 20 17 18 18 18 2 47 22 2 2 19 2 2 23 24
2 63 2 17 18 18 2 22
2 30 31 2 6 7 8 8
2 57 50 2 34
2 2 50 2 42 43 21 49 49 2
2 2 2 2 2 20 2 47
2 26 2 4
2 7 8 8 8 8 8 2 2 4 5 5 5 2 2 2
2 2 9 10 10 10 2 2 2 21 15 16 2
2 2 3 2 4 2 6 7 8 8 2
2 2 13 14 14 14 50
2 2 2 50 2 9 10 10 10 10 2 15
2 2 17 18 18 18 2 22
2 2 2 28 2 4 5
2 2 2 2 2 4 2 6 7 8 2
2 2 64 65 66 3 2 4 5 2
2 32 2 4 5 2
2 4 5 2 7 8
2 25 4 5
2 2 2 2 68 69 69 69 69
2 2 2 57 50 2 34 2 58
2 2 2 2 2 47 2 40
2 2 2 2 2 2 47 48
2 2 3 2 6 2 2 7 8
2 30 2 7 2 7 8 8 8 8 2
2 2 57 50 2 34
2 4 5 2 7
2 2 2 50 51 2 14 14 2
2 2 2 2 2 50 51 2 11 12
2 2 19 2 22 2 47
2 13 54 55 14 14 2 2 50
2 2 2 2 2 2 2 2 74 75 75 75
2 2 13 14 14 50
2 30 31 2 31 5 31 31 31 31 2 79 80 7 8 2
2 13 14 50
2 2 19 2 20
2 32 2 26 27
2 32 2 26 3
2 2 2 2 2 2 19 21 47
2 2 2 2 2 50 51 21 49 49 2 42 43 2
2 2 50 76 77 14 14 14
2 42 21 2 2 15
2 2 50 51 13 14 14 14 14 14
2 28 29 33 33 33 2 4 5 2 26 27
2 4 56 3 3
2 9 10 10 2 2 2
2 2 25 19 2 20
2 2 50 2 13 14 2
2 2 25 109 3 2 4 5
2 2 13 14 34 53
2 2 19 2 20 2 2 17 18
2 2 2 9 10 10 10 10 2 2 11 12
2 2 2 44 17 18 18 18 2 22
2 2 50 2 13 14
2 2 2 2 2 2 2 2 17 18 18 18 18 18 18 2 20 2 2 2 25 109 19 92 2 2 2 60 133 2 21 49 2 47 48
2 2 3 2 4 5
2 2 57 50 34 2 2 58 53 2
2 2 2 13 2 14 14
2 2 2 2 56 2 26
2 2 50 51 2 21 42 2
2 2 2 50 51 2 11 12 12
2 2 2 2 2 9 10 10 10 10
2 2 2 2 13 2
2 2 3 2 2 2 4 113 114 5
2 2 50 51
2 2 9 10 10 10 2 2 15 16 2
2 30 5 2 6 7 8
2 13 14 14 14 34 2 58 53
2 2 7 8 8 2 2
2 2 50 13 14 14 14
2 30 31 31 31 31 2 6 7 8 2 2
2 2 2 2 2 4 5
2 2 2 50 2 13 14 14 14 2
2 2 2 2 2 2 42 21 49 2
2 2 50 2 13 14 14 14 14
2 13 14 34 53 2 2 58
2 2 2 2 32 2 26 27 2 2 56 2
2 13 14 14 34 2 2 58 53
2 2 13 14 14
2 2 19 2 22 2 2 2 2 47 2 68 69 69 69 69
2 2 50 51 2 9 2
2 4 5 2 26
2 2 25 3 2 2 56 2 4 5
2 13 14 14 34 53
2 2 2 2 47 2 2 19 2 20
2 2 2 2 13 14 14 14 14 14 34 2 2 58 53
2 3 4 5 5 2 7 8
2 2 13 14 14 14 14 14 14 2 34 2 2 58 53
2 2 2 13 14
2 2 2 2 2 17 2 22
2 2 59 2 2 26 27
2 13 14 14 2
2 3 4 5 5 2 6 7 2
2 34 2 31 2 7 8 2
2 13 14 14 67 34
2 2 130 131 10 10 10 10 10 2
2 50 51 2 11 12 12 2
2 2 6 2 7 8 2 2 3
2 2 2 57 50 67 34 53
2 30 31 31 2 121 122 8 8 8 8 2 6 2
2 2 2 2 2 19 2 20 2 73
2 13 54 55 14 14 14 14 2 34 2 2 58
2 2 50 67 76 2 14 34 2 2 58 53
2 2 2 2 2 50 13 14 14
2 13 14 14 14 14 2 34 2 2 58
2 2 2 50 13 14 14 14 34 53
2 2 2 2 13 14 14 34 53 2 2 2 2 58
2 2 2 50 51 2 2 42 21 2 17 18 18 18
2 2 2 2 2 47 2 17 18
2 2 19 2 47 48 2 20
2 2 2 21 15 2 2 42 43
2 2 2 2 2 2 2 2 2 19 92
2 2 68 41 18 41 2 21 49 49 49
2 26 8
2 2 2 2 2 2 60 19
2 2 2 2 2 3 2 2 7 8 8 2 2
2 3 2 7 8 2
2 2 2 2 2 2 40
2 2 2 50 51 2 11 12
2 2 56 2 2 4 5 2
2 2 2 2 2 2 20 2 17 18 18 18 2 40
2 30 2 79 80 7 8 2
2 2 2 50 2 13 14
2 2 2 2 35 36 2 47 48
2 2 25 3 2 2 56
2 2 2 3 2 6 7 8 2
2 97 98 31 2 6 2 2 7 8 8 8
2 2 2 57 50 2 2 2 34 2 2 2 2 2 58
2 2 2 30 2 6 7 8 8 8 8 8 2 2
2 2 56 3 2 4 5 2 26 2
2 2 50 51 2 11 12 2
2 4 2 26
2 2 2 2 19 2 22 2 2 23 24
2 57 50 2 34
2 2 2 2 2 50 13 14 14 14
2 2 50 2 13 14 14
2 2 2 2 20 2 2 25 19 2 2 60 21 83 84
2 2 50 51 2 11 12 2
2 56 2
2 2 25 3 2 4 5
2 2 2 2 20 2 47 48 2 17 18
2 2 2 2 20 2 2 2 19 2 47 48 22
50 51 2 11 12
2 2 3 2 2 7 8 8 2
2 34 2 2 58 53 2 57 50
2 4 5 2 7 8 2
2 2 2 50 51 13 14
2 3 2 4 5 2 7 8
2 2 4 5 3 2 7 8 8 2
2 2 2 50 51 2 11 12
2 68 69 69 69 2 2 19
2 2 2 2 47 21 49 2 17 18 18 18 18 18
2 13 14 14 14 14 14 14
2 2 2 2 2 83 84 2 19 2 2 23 24 21 49 49 49
2 34 53 2 13 14 14 50
68 69 69 2 2 2 2 2 19 2 47 2 22
2 2 2 4 78 2 26 27
2 2 2 2 50 13 14 14
2 32 33 33
2 4 5 2 2 2 56
2 2 2 2 2 44 17 18 18 2 40 41
50 51 2 42 21 49
2 2 2 44 2 47 2
2 22 2 2 2 44 2 47 48 48
2 2 2 2 2 2 44 2 47 48 2 22
2 13 14 14 14 50
2 2 2 50 51 2 2 11 12
2 30 31 31 2 7 8 8
2 11 12 2 2 2 50 51 2
2 2 2 2 2 20 2 2 19 2 40
2 2 57 50 2 34
2 2 2 2 30 31 31 31 2 6 7 123 124 8 8 8 2 2
2 2 2 2 2 20 2 2 19 92
2 2 2 13 14 14 14 2 2 2 2 58 2 2 2 2 34
2 2 2 2 2 50 51 13 14 14 14 14
2 2 2 2 2 2 44 17 18 2 22
2 2 2 56 2 4 5
2 2 59
2 2 2 2 11 12 2 9 10 10 10 10
2 2 2 2 2 2 50 13 54 55 14 14 14 14
47 47
2 2 50 2 32 14 14 14 14 14 14 14 14 2
50 51 2 11 12 12
2 2 2 2 17 2 20 2 2 19 92
2 2 4 5 2 79 80 7 8 2
2 30 31 31 31 31 31 31 31 2 6 7 8 8 2
2 2 2 2 2 2 22
2 2 13 14 50
2 30 2 2 7 2
13 14 14 2 2 2 17 34 53
2 2 2 2 2 2 7 8 8 2 26 27 2
2 2 3 2 4 5 5 5
2 2 2 44 2 17 2 47 2 40
2 2 2 13 14 14 14 2 34 2 58
2 2 2 2 2 2 2 2 47
2 2 2 9 2
2 2 2 7 2
2 2 50 13 14 14 14 34 53
2 2 2 50 13 14 14 14
2 2 3 28 29 2 4 5
2 2 2 13 14 14 14 14 14 2 50 2
2 2 23 24 2 19 2 47 48
2 2 2 2 13 14 14 14 2
2 2 2 63 17 18 18 18 2 47 40
2 13 14 14 14
2 3 2 7 8 8 8
2 42 2 21 49 49
2 15 16 2 9 10 10 2 21 2 2 2
2 2 22 17 18 18 18 18 18 18
2 2 2 2 63 2 47 48 2
2 42 2 2 2 21 49 2
2 4 5 2 6 7 8 8 8 8 8 8
2 2 21 50 51 2 42
2 2 2 2 2 22 2 17 18 18
2 42 43 2 2 2 2 21 15 16 2
2 57 50 2 34
2 34 2 2 58 2 57 50
2 2 2 2 2 40
2 2 13 14 14 2 2 2 2 34 2 2 2 2 2 58
2 2 2 2 2 2 2 2 2 50 2 13 14 14 2
2 2 58 2 2 2 2 57 2 34 2
2 2 3 2 6 7 8 2
2 57 50 2 2 2 34 2
2 2 2 2 2 3 2 26 2 4 5
2 2 50 51 13 14
2 34 2 2 58 53 2 13 14 14 67
2 3 2 2 2 56 2
2 2 2 21 15 16 2 9 10 10 10
2 2 2 56 5 5 3 2 26 27
2 2 2 2 2 47 2 22 2 86 87 61 62 18 2
2 2 50 13 14 14 14 14 34 2 2 58 53
2 2 2 2 2 20 2 2 19 2 22 52
2 2 3 2 7 8 2
2 2 2 9 2 2 2 11 12
2 30 2 2 7 8 8 8 8 2
2 13 14 14 14 14 34 2 58 53
2 4 2 7 8
2 2 2 3 2 56 2
2 2 2 25 109 4 3 2 26
2 2 13 14 14 14 34 2 2 58 53
2 17 18 18 2 40 2 2 2 44
2 2 2 2 50 51
2 13 14 14 2 2 50
2 30 31 31 2 2 7 8 8 8 2 2
2 2 50 13 14 14 34 2 2 58 53
2 2 50 51 2 13 14 2
2 2 2 2 2 2 2 42 2 11 12 2
2 2 2 47 2
2 2 13 14 14 14
2 30 31 31 2 6 7 8 2
17 18 18 2 9 14 14
2 14 2 14 2 2 34
2 2 19 2 20 2 47 48 2 22 52 52
2 2 2 2 2 47 22
2 30 2 6 7 8 2 2
2 7 33 33 33
2 2 2 2 42 2 2 21 15 16
2 2 19 2 22 52 2 68 69 69 69 2 17 61 62 18
2 2 2 2 2 21 19 2 22 2
2 2 2 50 2 13 14 14
2 2 2 21 15 16 2 9 10 10 10 10 10
2 2 59 78 2
2 42 43 2 21 15 16
2 2 57 50 34 2 58 53
2 2 2 57 50 34 2 58 53
2 57 50 2 2 2 34 2
2 2 2 2 2 47
2 2 2 21 49 40 2
2 2 2 2 2 20 2 2 2 2 2 73 2 2 19 2
2 2 2 2 2 19 2 47 22 2 17 18
2 2 50 13 14 34
2 13 14 14 34 2 2 58 53
2 13 14 14 14 2 2 2 2 2
2 2 3 4 5 2 6 7 8 8 2
2 56 3 2 2 4 5
2 2 2 2 2 2 125 126 84 2 74 75 75 75 75
2 2 2 63 2 17 2 2 40 41
2 2 50 13 14 34 2 2 58
2 2 2 2 4 5 5 2 3
2 7 78 2 2
2 2 2 50 51 2 11 12
2 4 5 29 29 29 29 2 4 5
2 2 2 2 2 35 36 2 86 87 18 18
2 2 2 44 2 74 75 75 75 2
2 2 2 2 45
2 2 3 2 7 8
2 2 2 2 26
2 2 50 51 2 13 14 14
2 2 2 2 2 44 2 2 40 2 47
2 2 3 2 6 7 2
2 2 2 2 2 17 18 18 18 2 40
2 2 25 3 2 2 4
2 2 2 2 2 2 74 75 75 2 17 2 2
2 59 78 33
2 2 2 2 2 2 45 2
2 30 2 6 7 8 2
2 2 57 50 34 53
2 2 3 2 56 2
2 13 14 14 34 2 58 53
2 2 2 3 2 2 56 3
2 2 2 3 2 7 2
2 2 50 2 9 10 10 2 2 15 16 2
2 2 4 5 2 6 7 8 8 2
2 2 2 50 51
2 13 54 55 14 14 14 14 14 14 34 2 58
2 2 44 2 2 2 45 17
2 2 2 2 57 50 34 53
2 2 57 50 2 34 2 58
2 2 42 43 2 2 13 2 11 12 2
2 6 2 2 2 26
2 26 2 2 4 5
2 4 5 2 2 2 78
2 2 2 13 2 2 47 40 2
2 2 2 2 19 2 22 52 2 93 94 69 69 69
2 2 57 50 34 53
2 30 31 2 7 8 8 8 8
2 2 2 17 18 50 51 2 11 12
2 13 14 14 14 34 2 2 58
2 2 25 109 3 2 56
2 2 30 2 2 6 7 8 8 2
2 2 2 63 2 47 2
2 2 2 2 2 2 56 3
2 2 2 2 2 4 5 5 2 2 2 7 8 8
2 2 3 2 56
2 6 3 2 7 8 8 2
2 2 57 67 2 34 2 2 58
2 2 2 50 13 14
2 2 2 2 50 51 2 11 12
2 2 2 50 13 14 14
2 13 14 14 14 14 14 14 2 2 2 34 2
2 2 2 2 2 50 13 14 14
2 2 2 2 50 13 14 14 14 14
2 2 2 9 10 10 2 2 2 21 15 16
2 2 50 51 2 13 14 14
2 50 51 2 11 12
2 2 2 2 47 2 40
2 17 18 2 2 2 2 2 45
2 2 2 44 17 18 2 47 2 40
2 2 3 2 6 7 8 2
2 2 2 25 60 19
2 2 2 2 2 2 63 2 22 17 18 18 18
2 50 51 2 42 21 49 49 2
2 30 31 2 7 8 8
2 2 2 2 2 47 2 22 2
2 4 5 5 2 7 8 8 8
2 2 4 5 2 7
2 2 2 2 44 2 74 75 75 2 17 2
2 2 2 2 2 78
2 2 2 2 2 2 25 3 2 4 5
2 2 2 13 14 14
2 2 3 2 6 2 2 7
2 2 2 2 2 2 47
2 2 2 2 2 2 40 2 86 87 18
2 2 2 2 2 47 22 2 17 18
2 2 2 30 31 31 2 2 2 7 8
2 2 2 19 2 22 2 17 18
2 2 57 67 2 2 34 2 58 53
2 2 2 2 9 10 10 10
2 2 2 2 2 17 18 2 40
2 2 3 2 7
2 2 67 13 14 14 14 14 34
2 2 50 13 14 14 14 14
2 3 2 2 4 5 5 2
2 2 3 2 2 25 2 56
2 3 32
2 2 13 14 14 14 14 50
2 2 2 2 2 42 43 2 2 21 15 2
2 30 2 31 31 31 2 6 7 8 2 2
2 2 2 2 2 2 2 2 20 2 40 2
2 2 2 2 20 2 22
2 2 44 2 47 2
2 2 2 2 2 13 14 10 14 14
2 13 14 34 2 2 58 2
2 2 2 3 2 6 7 8 2 2
2 2 2 2 2 60 19
2 2 2 44 2 74 75 75 75 2
2 2 2 25 4 5 3
2 28 29 14 3 2 4 5
2 2 2 2 19 2 47 2
2 13 14 14 2 2 50 51
2 30 2 7
2 2 2 2 2 2 2 2 45 46 2 17 18 18
2 2 2 4 5 78 2 29 109 2 26
2 42 43 2 21 49 49
2 42 2 2 2 2 21 15 16
2 30 31 31 31 31 31 31 2 79 80 2 7 8
2 2 50 51 2 2 11 12 12
2 2 2 2 2 68 69 69 69 2 2 22
2 2 2 2 20 2 2 25 19 21 2 83
2 2 3 2 4 5 2 6 7 8 2
2 9 10 10 2 2 11 12
19 60 2 40
2 2 2 13 14 34 2 2
2 57 50 2 34 2
2 2 2 2 2 2 50 51 76 106 54 55 14 14 14 14 14
2 2 2 9 10 10 2
2 2 2 50 51 2 42 2 21 49 49 2
2 42 43 2 2 11 12
2 2 2 2 2 17 61 62 18 2 22
2 2 2 44 21 47
2 2 2 2 3 28 29 29 29 2 4 5
2 2 28 78 2 26
2 2 44 2 17 2 47 40 41
2 2 50 2 2 9 10 10 10 10 2 11 12 2
2 2 4 5 3
2 2 2 2 2 44 2 40 48 48 17 18 18
2 2 9 10 2 2 11 12 2
2 2 2 21 15 16 2 2 2 9 10 10
2 2 2 2 2 2 47 40
2 57 50 34 53 2 2 58 2
2 2 40
2 2 50 13 14 14 14 14 14
2 2 2 2 9 10 10 10 10 2 17 18
2 2 3 2 7 8
2 2 2 2 19 2 60 2 2 22
2 2 50 2 13 14 2
2 2 2 56 2 26
2 2 57 50 34 2 2 58
2 2 2 2 2 9 10
2 2 2 2 20 2 2 47 36 2
2 2 3 2 6 2 2 7 8 8 8
2 34 2 2 58 53 2 57 50
2 2 2 3 2 2 2 56
2 2 2 13 14 2 14 2 2
2 2 2 2 2 25 109 19 19
2 2 2 2 2 9 10 10 10 2 11 12 2
2 2 2 2 22 2 17 2 20
2 3 2 6 7 8 8 8 2
2 34 2 2 58 53 2 57 50
2 2 2 50 13 54 55 14 14 14 14 14
2 2 2 26 2
2 2 3 2 7 8 8 2 2
2 2 2 2 2 44 2 40 2
2 2 3 32 33 33 33 2 2 4 5 5
2 2 2 2 2 50 2 13 54 55 14 14 14
2 2 2 2 2 63 2 45 17 18 18 18
2 2 2 50 51 2 2 2
2 2 57 50 34 53
2 4 31 2 7 8 2
2 2 2 2 42 43 2 11 12
2 26 2 2 4 5 3 2 4
2 2 2 42 2 21 49
2 2 3 2 4 5 2
2 2 2 2 13 14 14
2 2 3 2 4 5 2 6 7 8 8 2
2 32 2 4 5 5
2 2 44 2 47 48
2 2 20 2
2 28 29 29 29 2
2 2 50 13 14 14 14 14 14 14 14
2 2 2 4 5 5
2 13 14
2 2 19 2 20 17 18 18
2 2 2 57 50 2 34 53
2 2 2 2 2 19 2 47 17 18 18 2 68 104 105 69 69 69
2 2 2 2 2 2 47 2
2 2 2 2 2 2 45
2 2 2 2 2 20 2 2 19 2 2 73 2 17 18 2 47 22
2 2 2 2 2 13 10
2 13 14 14 14 54 55 14 14 2
2 57 50 34 53
2 34 2 2 58 53 2 57 50
2 2 2 50 51 13 14 14 14 14 14 2
2 13 14 14 14 2 34
2 2 3 2 2 2 7 8
2 2 19 92 2 22 52 2 17
2 2 2 26 2
2 13 14 34 2 58 53
2 2 57 50 34 53
2 2 2 2 2 2 2 45 46 2 17 18 61 62 18
2 2 2 50 51
2 30 5 2 7 8 2
2 2 2 57 50 34 53
2 2 2 2 2 2 63 2 47 48 22
2 2 2 2 25 2 2 4 5
2 2 2 2 2 63 2 2 45 46
2 2 2 21 15 2 9 10
2 30 31 31 2 6 7 122 2
2 11 12 2 50 51
2 4 5 2 2 7 8 8 2
2 2 50 51 2 13 14 2
2 28 29 2 4 5
2 2 2 2 2 2 2 22
2 2 15 21 2 9 10
2 2 2 21 15 16 2 9 10 10
2 2 2 2 2 2 2 2 35 36 2 20
2 2 2 21 15 16 2 2 2 9 10 2
2 2 57 50 34 2 58
2 56 2 26 27
2 4 5 2 3 2 2 7 8 2 2
2 2 2 3 2 4 5
2 2 2 2 50 51 2 17 18 2 11 12
2 50 51 2
2 2 2 21 15 2 2 10 10 10 10 10 10
2 2 2 2 47 2 45
19 2 35 36 2 47 22
2 2 2 2 2 44 2 47 2
2 2 13 14 14 2 34 2 2 58 2
2 2 2 17 17 18 18 18 18 18 2 47 75
2 13 14 14 14 14 14 2 2 2 2 2 2 2
2 2 2 2 20 2 17 18 61 62 18
2 2 2 2 20 2 2 60 19 2 83 84 2 84 2 2 49 21 17 18 18
2 2 50 13 14 14 2 34
2 2 2 2 2 2 47 48 22
68 69 69 69 2 69 2 2 2 2 2 2 19
2 34 2 2 57 50
2 2 2 2 2 42 2 2 21 15 2 17 18
2 50 51 2 42 43 21
2 2 2 50 51 2 11 12 2
2 2 2 2 2 47 48 40 41 41 41
2 13 14 50
2 2 2 2 4 5 5
2 30 31 2 7 8 8
2 13 14 14 14 2
2 2 2 42 2 2 2 21 15 16
2 2 2 2 2 19 2 2 73 2 2 2 2 2 2 20 2
2 2 2 50 51 2 42 21 49 49
2 2 2 2 68 69 69 2 2 25 19
2 2 2 2 2 17 61 62 18 2 2 19 2 2 23
2 50 51 2 11 12
2 2 3 2 56 2 4 5 2
2 2 2 2 2 47 2 2 40 41
2 2 2 2 2 2 2 20 2 2 61 18 18 2 47 2 22 52
2 2 2 2 2 2 2 63
2 2 2 2 2 2 20 2 2 2 19 2
2 2 3 28 29
2 2 2 2 2 21 49 49 49 2 74 75 75 75 75
2 2 2 2 2 2 2 2 9 10
2 2 2 2 2 2 63 45
2 2 2 2 2 2 40 2 17 18 2
2 2 2 2 2 63 45 2
2 2 2 2 44 2 86 87 18 61 62 18 2 40 41 2
2 2 2 2 2 2 86 80 18 2 40 41 41 41 41 41 41
2 2 13 14 14 14 14 14
2 76 77 14 14 14 14 34 2 2 58
2 2 2 9 10 10 10
2 7 8 2 2 26 2
2 2 2 63 2 17 18 2 40
2 2 56 2
2 2 2 44 2 22 17 18 18 18 2
2 2 2 2 2 2 2 21 2 22 2
2 57 50 34 2 58 53
2 2 2 63 2 47 126 125 126 125 126 75 17 2
2 2 2 73 19 2 40
2 2 2 2 9 10 2 15 16 2
2 28 29 29 2 4 5 5 2
2 13 14 34 53 2
2 13 14 14 14 50 51
2 2 2 2 20 21 49 49 49 2 83 139 84 84
2 2 2 2 19 2 22
2 2 19 21 49 49 49 2 47 48 2 68 69 69 2
13 14 14 67 2 2 2 34 53 2 2 58 2
2 57 50 34 53
2 2 2 2 13 14 14 14 14 34 53
2 2 20 2 35 36 2 47 2 47
2 30 31 31 2 2 2 2 7 8 2
2 2 13 76 77 14 14 14 50
2 32 3 2 4 5 2
2 56 3 2 2 4 2 26 27
2 2 2 2 50 13
2 30 31 2 7 8 2
2 2 25 4 5 2
2 2 2 2 2 2 17 2 22 2
2 57 50 2 34
2 2 2 7 30
6 7 8 8 2 2 2 30 31
2 2 2 2 2 2 50 13 14 14
2 2 2 2 2 2 4 5 2 2 56 2 26
2 2 2 63 2 17 2 2 40 41 41 41 41
2 2 2 2 60 19
2 2 3 30 31 31 31 2 2 7 8 2
2 2 19 2 73 2 20 2 2
2 2 2 13 10 14 2
2 2 2 50 51 2 2 2 2 17
2 2 3 2 2 7 8 2
2 17 18 18 18 18 18 18 2 2 2 2 2 2 2 64 65 66 19
2 2 25 3 2 56
2 2 2 2 2 19 2 40 2
2 30 31 2 7
2 2 3 2 6 7 2
2 2 2 2 44 2 2 74 75 101 102 75 75 2 17 18 2
2 2 2 2 4 5 2 2 7 8 8 2
2 2 2 2 50 51 2
2 2 2 2 2 2 40
2 2 2 2 2 2 2 13 14
2 2 21 42 2 2 15 16
2 2 50 2 9 10 10 10 10 2 2 21 15 17 18 18 2
2 2 2 2 2 2 7 2 60 2 6 7 8 8 8 8 2
2 2 2 56 3 2 4
2 2 19 2 47 48 48 2 86 87 18 61 62 18 2 20
2 2 13 14 14 14 14 14 14
2 2 2 2 20 2 47 48 22
2 2 2 2 20 2 2 64 65 66 19 2 47 48 22 2 2 60 133 2
2 57 67 34 2 2 58
2 2 2 2 2 45 2 86 87 18 2
2 2 2 50 51 2 2 11 12
2 2 50 2 13
2 13 14 14 34 2 58
2 2 2 2 2 9 10 10 10 2
2 50 51 2
2 2 2 2 2 2 22 52 52 52 2
2 2 2 2 2 19 2 2 23 2 2 17 18 2 20 2 47 48 2
2 2 2 2 2 2 2 19 2 2 73 2 68 69 69
7 8 8 2 2 4 5 2 2 2
2 2 2 50 2 13 54 55 14 14 14 2
2 4 5 2 26
2 63 2 2 2 74 75 75 75 75 75 75 2
2 13 14 14 34 2 58 53
2 32 33 33 33 2 4 5
2 2 2 2 2 20 17 18 2 40
2 2 50 2 42 2 11 12 2
2 2 2 50 2 13 14
2 2 2 2 2 2 13 14 2
2 2 2 63 17 21 2 47
57 50 2 34 2 2 58 53
2 2 2 3 2 4 78 78
2 2 2 63 2 2 17 18 2 74 75 75 75 75 75
2 2 2 2 2 17 61 62 18 2 47
2 2 2 50 51 2 2
2 30 31 2 6 7 8 8 2 2
2 2 3 2 4 5 2 6 2 2 7 8 8 8
2 2 13
2 2 2 2 2 50 2 13 106 14
2 2 2 3 2 2 2 7 8 2 2
2 2 2 25 109 3 2 56 2 4 5
2 2 2 44 45 17 18 18 18
2 2 3 2 4 5 2 56 2 26 2
2 2 2 2 2 47 2 40
2 9 10 10 10 10 2 2 17 18 2 2 21 15 16 2
2 2 2 2 2 2 86 87 18 2 74 75 75 2
2 34 2 2 58 53 2 57 50
2 30 5 3 2 7 8 8 8 8
2 2 2 2 32 33 33 33 2 4
2 2 2 50 13 14
2 2 63 17 2 47 48 2 17
2 2 2 2 50 51 2 2 11 12 12 2
2 2 2 9 10 10 2
2 2 2 2 2 7 5
2 2 2 89 90 91 22 17 18 18 18 18 18
2 2 2 2 2 13 14 50 2
2 2 2 50 51 2 11 12 2
2 2 13 14 54 55 14 14 14 2 34 50 51
2 2 2 2 20 2 2 19 2 23 24
2 2 2 2 2 2 2 25 19 2 47
2 2 2 2 47 2 2 25 109 19
2 2 9 10 10 2
2 2 50 51 2 11 12 2 17 18
2 2 7 2 2 26 27
2 2 3 2 79 80 7 8 2
2 13 13 14 2 2 2 34 53
2 2 2 4 5 2 2 2 56
2 2 63 2 47 2 40 2
2 2 50 13 14 14 14
2 57 50 34 2 2 58 53
2 2 2 2 40 41
2 2 3 2 7 8
2 26 3 28
2 2 2 2 2 20 21 2 40 19 2 2 73
2 2 2 50 13 14 14
2 25 4 5 2 26
2 2 2 2 2 2 47 40
2 2 25 109 4 5 2
2 2 50 2 13 14 14 2 34
2 2 57 50 34 2 58 53
2 2 2 2 47 2 22 2 17 18 18 18 2
2 30 5 2 6 7 8
2 2 2 56
2 2 2 2 2 20 2
13 14 14 2 2 2 2 34 2
2 2 57 50 2 2 2 34 2 2 58 2
2 2 2 2 2 44 2 47
2 32 78
2 2 2 2 2 63 2 47 2 22 2
2 13 14 14 2
2 2 2 21 15 16 2 9 10 10 2 17 18 2
2 2 50 51 13 14 14 54 55 14 14 14 14 14 14 14 14 2 2
2 2 2 2 2 20 2 2 19 2 2 2 17 17
2 2 3 2 6 7 2
2 2 2 2 2 3
2 2 2 2 2 2 2 3 4 2 6 7 8 8 2
2 2 2 2 93 94 69 69 69 2 22 52
2 2 2 2 2 2 2 2 2 21 45 2 22 2 2 2 2 20
2 4 5 2 6 7 8 2
2 2 21 15 2 9 10 10 10 2
2 2 2 50 13 14 14 14
2 2 57 50 34 53 2
2 2 19 2 40 48 2 2 20 2 2 17 18
2 2 50 13 14 14 14 14 14 14 14
2 42 21 49
2 2 50 51
2 2 57 50 34
2 30 31 31 31 2 7 8
2 76 77 14 14 34 53
2 2 2 50 13 14
2 2 50 13 14
2 2 34 53 2 57 67
2 2 50 2 13 14 14 14
2 30 2 6 7 8 2
2 2 2 2 2 4 3 2 26 2 4 5
2 2 93 2 13 14 14 2
2 2 2 4 5 2
2 2 2 2 2 2 47 48 2 47 2 17 61 62 18
2 2 50 13 14 14 14
2 13 14 14 14 34 53
2 13 14 14 34 2 2 58 53
2 2 63 2 74 75 75 2 21 49 49 49
2 2 2 2 2 2 45 46 2
2 2 21 15 16 2 2 42 43
2 7 8
2 2 50 13 14 54 55 14
2 42 2 11 12 12
2 2 2 2 13 14 50 51 2
2 2 2 2 2 63 21 2 45 2 17 2
2 2 2 2 2 50 2 13 14 14 14 14 2
2 15 16 21 2 2 2 2 42 43 2 2
2 2 2 57 50 2 34 2
2 2 2 2 2 2 42 21 49 49
2 2 19 2 2 23 2 22 52 2 20 2 17 18
2 2 2 50 51 2 2 11 12
2 30 31 2 7 2
2 2 2 30 31 31 2 6 2 7 8
2 30 31 2 7 8 8
2 2 2 26 27
2 2 3 2 6 7 2 2
2 2 3 2 6 7 8 8 2
2 2 2 2 2 17 18 2 40
2 2 2 2 2 2 35 36 17 17 18 2 22 52 52
2 2 9 10 10 2 2 2 11 12 12 2
2 4 5 2 6 7 8
2 2 50 51 2 13 14 14 2
13 14 14 14 14 14 2 2 2 2 2 58 2 2 2 2 34
2 2 2 2 2 3 2 79 80 7 8 2 2
2 2 63 2 2 45 46
2 2 50 13 14 14
2 2 2 2 2 2 50 2 13 14 2
2 34 2 2 58 53 2 57 50
2 2 50 51 13 14
21 49 49 2 42 2 17 18 18
2 34 2 2 58 53 2 13 14 14
2 2 50 2 13 14 14 14 14 2
2 2 2 50 2 13 14 14 2
2 2 3 2 6 7 8 8 8 2
2 2 3 2 6 7 8 8 8 2
2 2 2 2 63 2 47 2
2 2 2 2 2 2 2 42 2 2 21 15 16 2
2 42 2 40 12 12
2 42 2 2 2 2 21 15 16
2 2 2 2 2 2 47 2 40 41 17 18 18
2 2 2 44 2 47 48 40 2
2 13 14 14 14 34 53
2 2 2 2 2 2 19 21 49 49 49 2 83 84 2 20
2 2 2 44 2 2 45 46 2
2 2 2 2 2 2 125 126 127 75 75 2 17 2
2 2 50 2 50 51 2 42 21 49 2
2 2 3 2 4 5 2
2 2 50 13 54 55 14 14 14
2 2 2 2 2 21 2 45 46
2 2 13 2 19 92 17 18 18 18
2 2 2 9 10 2
2 4 5 2 7 8
2 2 19 2 2 23 2 20 2 2
2 2 2 2 2 2 4 5 2 56 2 26 2
2 64 65 66 56 3 2 2 4 5 5 2
2 13 14 14 14
2 2 2 2 13 14 14 14 14 14 2 34
2 2 2 2 2 17 18 2 68 69 69 69 69 2 35 36
2 2 2 13
2 97 98 99 100 31 31 2 7
2 2 2 13 14 14 14 14 14 14 14 14
2 2 50 2 9 10 10 10 10 2 2 21 15 16 2
2 30 31 31 31 31 31 2 6 7 8 8 2
2 57 50 34 53
2 2 25 109 3 3 2 4 5 2 2 56
2 2 2 2 2 2 45
2 2 2 2 2 20 2 2 25 109 19 17 18 2 47 2 22
2 2 2 2 50 2 13 14 14 54 55 14
2 25 4 5 2
2 2 50 51 2 13 14 14 14 14
2 2 2 2 2 2 44 2 47 2
2 11 12 2 111 2 10 10 2 10
2 2 9 10 10 10 2 2 2
2 2 2 2 68 69 36 2 40
2 2 2 44 2 47 2 40 41 2
29 2 13 2 13 2 2 2 2 34 53 2
2 13 54 55 14 14 2 2 50
2 2 2 4 5
2 2 2 50 51 17 18 18 2 42 2 21 49 49
2 2 13 14 14 50
2 28 29 33 33 33 33 2 26
2 2 25 109 3 2 2 56 2 4 5
2 2 2 2 50 13 14 14 14 14 2 34 2 2 58 53
2 2 2 2 50 2 13 14
2 13 14 14 2
2 2 25 109 3 2 4 5
2 2 63 2 86 2 2 47 40 52
2 2 57 67 34 53
2 13 54 55 14 50 51
2 21 49 49 49 2 40 2 20
2 2 3 2 2 6 7 8 8 8 8 2
2 2 2 2 19 2 2 23 21 49 2 47 84 84
2 2 4 5 3
2 2 2 2 57 50 2 34
2 2 2 2 26
2 2 42 21 49 49
2 2 13 14 14 14 2 34 2 58
2 2 2 2 2 2 2 2 45 46
2 13 14 14 14 34 2 58 53
2 2 2 26 2
2 2 2 2 20 2 2 2 19 2 2 23 24 2 47 22 22 52 2 17
2 2 56 3
2 2 50 13
2 2 21 2 36 36 36 2 22 2
2 2 67 13 2 34
2 57 50 34 2 58 53
2 2 2 2 2 50 13
2 2 2 2 93 94 69 69 69
68 68 69 69 2 2 2 2 2 40 41
2 3 2 121 122 8 8
2 2 50 51 13 14 14 54 55 14 14
2 2 19 17 18 2 2 2 20
2 2 2 50 51 13 14 14 14 14
13 13 14 14 2 2 50 2 2 2 34 53 2
2 13 14 14 14 34 53
2 2 2 57 50 2 34 53
57 67 2 2 2 34 53 2
2 2 2 2 20 2 2 19 2 22
2 2 2 2 45 2
2 2 2 2 2 2 2 20 2 22 2 2 19 92 2
2 2 3 2 6 7 8 2
2 30 2 30 31 31 31 2 6 7 2
2 2 2 2 2 26 2 4 5
2 42 2 2 2 11 12 2
2 2 3 2 6 7 8 2
2 2 25 109 19 2 20 2 2
2 34 2 2 13 14 14 14
2 2 2 9 10 10 10 2 2 2
2 50 51 2
2 2 2 19 2 2 2 20 2 47 48 2 17 18 61 62 18 2
2 2 2 13 14 14 14 14
2 2 2 2 2 50 51 2 13 14 14
2 2 2 2 2 2 13 2
2 2 2 4 5 2 6 7 8 8 2 2
2 2 25 2 2 56 2
2 2 2 2 50 2 14 14
2 2 2 2 2 50 2 2 13 14 88 14 14 14
2 2 13 14 14 50
2 2 2 2 2 22 2 2 21 2 49 2 2 2 2 20
2 42 43 2 2 21 49 49
2 2 2 2 2 4 5 2 25 3
2 9 10 14
2 2 2 13 50
2 30 5 2 7 8
2 2 2 2 50 51 2 13 14 14 2
2 2 9 10 10 2
2 2 2 19 2 2 73 110 2 47 2 2
2 26 2 2 4 5 32 33 81 82 33 33
2 30 31 2 6 7 8 2 2
2 2 57 50 34 2 2 58
2 42 43 2 2 2 50 51 21 49 2
2 2 2 2 2 2 50 13 14 14 14 14 14
2 57 50 34 53 2 2 58
2 3 2 6 7 8 8 2
2 2 4 3
2 2 2 50 51 2 11 12
2 30 31 31 31 31 2 7 8 8 2
2 13 14 34 2 58 53
2 2 2 2 3 2 79 80 7 8 2 2
2 2 2 2 58 2 2 76 77 14 14 2 34
2 13 14 14 2
2 2 2 2 2 2 2 13 14 14 2
2 30 2 30 31 31 31 2 2 7 8 2
2 2 50 13 14 14
2 42 2 11 12
2 4 31 2 6 7 8 8 123 145 124 8 2
2 2 2 2 3 2 2 56 2
2 2 25 109 3 2 4 5 2 26
2 2 2 2 2 2 20 2 2 19 2 47 48 41 41
2 2 34 53 2 57 67 2
2 2 2 2 2 2 2 50 13 14 14
2 57 50 34 2 58 53
2 2 2 50 2 2 2 10 2 2 11 12
2 2 2 21 49 49 49 2 83 84 84 2 2 2 2 20
2 13 14 14 14 2 2 50
2 2 17 2 2 19 2 20 2
2 2 2 59 2
2 2 2 2 2 2 2 20
2 2 3 2 6 2 7 8 8
2 4 5 2 2 7 8 2
2 2 2 21 15 16 2 9 10 10 2
2 13 14 14 2 34 2
2 2 2 2 2 2 2 2 2 47
2 2 2 2 2 4 5 2 6 7 8 2
2 30 2 2 7 8 8 8 2
2 2 2 2 50 13 14 14 14 14
2 2 2 17 17 2 74 75 75 75 75
2 2 2 2 2 20 2 2 19 2 17 18 18 18 2
2 2 3 4 5 5 5 2 6 7 8 8 8 8 2
2 34 2 2 58 53 2 13 14
2 2 2 2 2 64 65 66 19 2 47
2 13 2 14 14
2 2 57 50 34 2 2 58 53
2 2 2 44 2 17 2 22
2 2 2 74 75 75 75 75 2 2 17 18 18 18
2 3 2 2 7 8
2 2 2 2 2 20 21 49 49 2 83 84
2 4 5 3 2 7 8 8 31
2 42 43 2 2 2 21 15 16
2 30 31 2 6 7 8 8 8 8
2 2 50 13 14 14
2 2 3 2 4 5 2 6 7 8 2
2 2 4 5 3 2 2 7 2 2
2 30 2 6 7 8 8 2
2 2 2 2 9 71 10 10 10
2 2 19 2 20 2 47 48
2 2 57 50 34 53
2 2 2 2 2 2 2 34 2 2 58 53 2 2 50 13 14 14 14 14
2 2 2 57 50 2 34
2 2 2 21 15 16 2 130 131 10
2 57 50 34 2 2 58
2 2 3 28 29 29
2 2 19 92 2 20 2 47 2
2 2 2 2 2 57 50 34 53
2 2 2 2 2 2 40 41
2 2 2 19 2 40 2 20
2 2 2 2 31 2 6 7 2 7 8 8 8
2 2 3 2 7 8
2 2 2 2 2 2 2 13 14
2 2 2 2 2 19 2 17 18 2 22
2 2 19 2 47 22 17 18 2
2 2 2 2 2 2 50 13 14 14 14
2 57 50 2 34
2 2 2 2 2 2 2 42 2 11 12
2 32 33 33 2 4 5 2 26
2 4 3 2 7 8 8
2 2 2 2 47 2 40 2 2 17 18
2 2 2 2 17 18 18 2 74 75 75 75 75
2 2 3 2 4 5
2 2 3 2 7 8
2 2 2 4
2 2 2 2 2 47 2
2 2 9 10 10 2 2 11 12 2
2 2 2 13 14
2 2 4 5 3 2 7 8 8
2 2 2 2 20 2 35 36
2 2 2 19 2 19 2 2 73 2 2 2 20 2
2 2 2 2 47 17 18 18 18
2 30 2 6 7 8 2
2 2 2 2 2 2 2 2 20 2 47
2 4 5 2 7 8 8 8 2
2 13 14 14 14 14 34 53
2 4 5 2 7 8
2 2 2 2 2 40 41
2 2 2 50 13 14 14
2 2 2 2 2 19 2 22 2 2 23
2 2 3 2 6 121 134 122 2
2 2 19 2 22 52 52 2 93 94 69 69 69 2
2 2 2 2 2 2 2 20 2 47 22 52 2 2 2 2 20 2 2 35 36
2 57 50 34 53 2 2 58
2 2 3 2 6 2 2 7 8 8 8 8 2
2 30 31 31 2 7 8
2 2 93 94 69 69 69 2 2 47 19
2 42 43 2 2 2 2 21 15 16
2 30 2 2 20 2 2 2 2 35 36 36 36 75
2 2 2 2 2 17 18 18 18 18 18 18 2 74 75 75 75 75
2 2 13 14 67 2 34
2 2 2 63 17 18 18 18 18 18 18 2 74 75 75 75 75
2 2 2 13 54 55 14 14 50
2 2 2 2 2 2 13 14 14 14 14 50 2
2 2 3 2 6 7 8 8 8 2
2 2 2 2 2 2 2 68 69 69 2 2 19 2 2 64 65 66
2 2 2 21 15 16 2 9 10 10 10
2 30 161 31 31 31 31 2 2 7 8 2
2 2 19 2 19 2 2 23 2 22 52
2 2 68 69 69 69 2 47 2 2 19 2 22 52
2 21 2 47 2 2 2 44
2 2 2 2 2 47 48 40 41 2
13 48 2 2 2 2 2 2 2 34 53 2 17 2
2 2 4 5 2 26
2 2 2 2 2 19 2 40 2 20 2 2
21 15 16 2 9 10 10 10
2 34 53 2 13 14 14
2 2 2 2 2 74 75 75 2 17 18
2 2 57 50 34 2 2 58 2
2 2 2 63 21 2 74 75
2 56 2 2 4 2 26 27
2 2 2 2 4 5 2 2 2 2 56
2 2 2 2 2 3 2 4
2 2 2 2 2 19 21 2 83 84
2 2 2 2 2 17 2 2 74 75 75
2 13 14 14 34 2 58 53
2 13 14 14 2 34 2 2 58 53 2
2 13 14 14 14 14 2 2 50
2 2 19 2 73 2 20 2 40
2 2 2 63 17 18 18 2 47 2 22 2
2 2 2 2 2 50 13 14 14
2 2 2 2 35 36 36 2 2 21 49 49 2 115 116 84
2 2 2 2 17 18 18 18 2 47
2 2 2 2 57 50 34 2 2 58
2 2 2 2 2 3 2 6 7 8 8 8 8 2 2
2 2 3 2 4 5 2 6 2 7 8
2 13 14 14 34 2 2 58 53
2 57 50 34 53
2 2 56 3 2 4 5 5 2 26 27
2 2 2 63 2 17 2 47 48 2 22
2 2 25 109 4 3 2
2 2 2 2 2 50 51 2
2 13 14 14 14 14 34 2 2 58
2 2 50 13 14 14 14
2 2 2 2 2 50 51 2 2 13 14 14 14 14
2 2 2 2 2 13 14 14 54 55 14 14 14 50 2
2 2 3 2 7
2 2 2 50 13 14 14 14
2 2 3 2 6 7 8 8 8 2 2
2 2 2 2 2 63 2 17 18 2 74 75 75 75 2 2 21
2 30 2 7 8
2 30 5 2 6 7 8
2 2 34 2 58 53 2 2 67 13 14 14
2 2 2 50 13 14
2 2 50 2 9 10 10 2 2 15 16 2
2 2 50 2 9 2 2 21 15 16 2
2 2 2 2 26
2 2 28 29 29 29 29 29 29 3 2 4 5
2 2 2 2 2 2 79 80 2 2 30 31 31 31 31 2 2 2 2 2 7 8 8 2
2 2 15 16 2 9 10 10 10
2 2 2 2 63 2 17 18 2 47 2 22
2 2 57 50 34 53 2
2 2 2 2 2 60 19 2 22
2 2 2 2 45 2 17 18
2 2 3 2 6 2 7 8 8
2 2 50 2 13 54 88 55 14
2 2 2 2 2 2 19 2 73 2 40 2
2 2 2 2 9
2 9 10 111 112 10 10 2 10 10 2 2 2 21 15
2 2 50 51 2 42 21 49 49 2
2 2 2 19 2 47 48 2 2 60 19 24
2 2 19 2 20 2 2
2 2 2 2 2 13 14 14
2 2 2 50 13 14 14
2 4 5 2 2 56 2 26
2 2 2 2 2 63 45
2 2 2 2 19 2 47 48
2 2 2 63 17 18 2 22 52 2
2 2 2 44 2 47 48 40 2
2 2 2 50 51 2 11 12 12
2 42 2 2 21 49 49
2 2 2 2 68 69 69 69 2 2 19 2 2 23
2 2 2 2 2 19 21 49 49 2 2 83 2
2 2 2 2 2 2 2 2 47 48 2 47 48 2 22
2 2 2 2 2 2 50 51 2 42 21 2
2 2 2 44 17 18 2 74 75 75 2
2 2 2 2 2 47 48
2 2 2 50 51
2 2 25 3 2 2 56
2 57 50 34 2 58
2 30 31 31 2 4 5 2 79 80 7 8 2
2 2 13 14 2 14 14 50
2 13 14 14 14 34 2 58
2 2 2 2 2 2 22 2 17
2 13 54 88 55 14
2 13 14 14 14 2 34
2 2 2 7 8
2 2 2 2 50 51
2 2 2 63 17 18 18 21 49 49 2 22
2 2 2 63 17 18 18 18 21 2 74 75 75
2 34 53 2 13 14 67
2 30 31 31 2 7 8 8 8
2 2 2 2 2 2 2 2 2 74 101 103 75 75 17 2
2 3 4 5 2 7 8 2
2 2 2 2 2 2 17 18 2 22 2
2 30 31 31 2 6 7 8 2 2
2 2 2 9 10 10 10 2
2 2 2 2 2 2 2 2 17 18 18 2 40 41 41 2
2 2 2 2 20 2 2 35 36 36 36 2 40 2
2 2 57 50 34 53
2 26 2 2 2 2 2 56 2
2 13 14 14 14 2
2 2 2 2 2 93 94 69 69 69 2 2 19 2 40 2
2 2 13 14 14 50 51 2 2
2 26
2 2 2 2 2 50 13 54 55 14 2
2 2 2 2 2 2 47 2 17 61 62 18 2
2 2 2 63 2 40
2 30 5 2 6 7 8 8 2
2 2 3 2 7 8 8
2 2 2 2 93 94 69 69 69 2 2 2 35 36 2 22
2 2 2 2 17 18 2 47
2 2 2 19 2 2 23 24 24 2 22
2 2 2 2 3 32 32 33 33 33 33 33
2 7 8 2 2 2 3
2 2 2 19 2 20 2
2 42 21 49 2 50 51
2 50 51
2 2 2 2 2 25 109 5 2 2
2 2 7 14 34 2 2 2 2 2 2 2
2 13 14 14 54 2 34
50 51 2 11 12
2 2 2 2 2 2 13 14 14 14 14 2
2 2 2 2 13 14 14 14 14 2
2 9 10 10 14 2 2 15 16
2 2 59 2 26
2 2 3 2 6 7 8 8 8 8 8 2
2 2 2 2 50 2 13 14 14 14 14 14 14 67 34 2 2 58 53
2 2 2 2 2 50 2 13 14
2 13 14 14 2 34
2 2 2 2 2 17 18 18 2 2 19 2 47 41 41 2
2 2 2 2 2 2 47 48 2
2 4 5 2 7 8 8
2 26 2 2 4 5
2 2 2 2 30 31 2 6 7 8 8 2
2 2 2 4 2 2 56
2 4 2 7 8
2 2 13 14 14
2 50 2 2 13 14 14 14
2 32 2 26 2 9 33
2 2 2 2 42 2 11 12
2 2 2 2 2 50 13 14 14 14 2
2 4 5 2 4
2 13 14 14 34 2 2 58
2 35 36 36 36 2 20 2 2 22
2 13 14 14 2 34
2 2 2 2 9 10 2 2 21 15
2 2 4 5 3 2 7 8 8
2 2 2 50 9 17 18 2 2 15 16
2 2 2 2 45 2 17 18
2 2 2 19 2 2 40 2 17 18
2 2 2 42 2 2 21 15 16
2 2 3 2 79 80 7 8 8 2
2 2 2 2 19 2 2 17 18 2 20 2 2
2 2 2 2 50 2 13 14 14
2 2 2 2 30 31 31 2 2 2 7 8 8 8
2 2 3 2 4 5
2 2 47 48 22
2 2 25 109 3 2 4 5 5
2 2 2 44 2 74 75 75 75
2 57 50 2 34
2 2 2 2 2 74 75 75 75 2
2 13 54 88 55 34 53
2 13 14 14 14 14 14 34 53
2 2 2 2 20 2 35 36 2 40
2 2 9 10 10 2 2 2 21 15 16
2 2 2 26 2 2 2 2 2 2 4 5
2 2 2 44 2 47 40 41 41 41
2 2 19 21 49 49 49 2 83 84
2 2 2 50 13 14 14
2 2 2 2 2 17 18 18 18 18 18 2 22 2
2 2 2 2 63 2 2 2 45 2 17 18 2
2 2 2 2 2 2 2 2 2 2 2 17 18 2 22 2
2 2 50 32 14 14
2 2 2 63 2 2 45 46 2 17 18
2 2 57 50 34 2 2 58
2 50 51 2 9 10 14
2 2 3 2 4 5 2 7 8 8
19 2 2 19 2 20 2 2 73
2 2 2 2 20 21 17 2 40 41 41 41 2
2 13 54 55 14 14 14 2
2 2 2 2 35 36 21 83 36
2 2 2 2 2 2 50 13 14 14 14 14 14
2 32 2 4 5 2
2 13 14 14 34 2 2 58 53
2 42 2 11 12
2 13 14 14 34 2 58
13 14 14 2 2 2 2 2 34
2 30 31 2 31 31 31 31 2 7 2
2 4 5 2 6 7 8 2
2 2 2 4 5 2 6 7 8 2
2 2 30 31 31 2 7 8 8 8
2 2 2 4 5
2 2 2 2 2 19 21 2 2 83 84 84 84 2 20 2 2
2 13 14 14 14 14 2
2 2 21 15 16 2 9 10 10
2 2 2 57 50 67 2 34 2 2 34 53 2
2 2 4 5 3 2 2 79 80 2 2
2 2 2 50 2 9 111 131 10 111 112 10 2 10 2 21 48 12 12
2 2 2 44 2 17 18 2 47 2
2 2 50 13 14
2 2 3 2 4 2 6 7 8 2
2 2 2 2 2 2 2 17 18 18 18 18 2 40
2 2 2 2 21 2 47 2 17 87
2 7 8 2 2 2 3 2
2 2 2 2 2 9 10 2 2 21 15 16
2 2 2 13 14 14 14 14 14 34 53 2 2 2 2 2 58
2 2 2 50 13 14 14
2 2 2 2 35 2 2 60 133 19
2 13 14 14 14 34 2 2 58
2 4 33 2 4 5 2 26
2 2 2 50 51 2 2 11 12 12 2 17 18 2
2 2 13 14 14 14 14 14 14 14 50 2
2 2 2 2 13 14 10 10 2
2 2 2 2 2 2 47 2
2 2 3 2 4 5
2 2 21 42 43 2 2 15 16
2 2 2 2 4 5 2 2 56 2 2 2 3 2 26 27 2
2 26
2 4 5 2 28 29 29 2 26 27 2
2 32 33 33 2 4 5
2 2 2 2 3 2 4 5 2
2 30 31 31 2 6 7 8 123 145 124 2
2 9 14 14
2 2 2 26 2
2 2 2 2 2 2 50 13 14 14 14 14 14
2 57 50 34 53
2 2 2 13 14 14 2 2 2 34 53
2 2 42 43 2 2 11 12 12 2
2 2 19 92 2 2 23 2 20 2 2
2 2 57 50 2 2 34 2 2 58
2 2 2 2 2 35 17 18 2 21 22 2 68 69 69
2 30 5 2 7 8 8 2
2 2 50 51 2 13
2 13 14 14 2 34
2 2 2 2 2 44 2 47 48 48 2
2 57 2 50 2 13 14 34 2 2 58 53
2 2 2 63 17 18 21 49 2 47 48
2 2 2 9 10 2 17 2
2 9 10 10 10 2 2 17 18 2
2 50 51 2 42 21 49 49
2 4 5 5 2 6 7 8 2
2 2 2 44 17 86 87 2 2 47 2 2 22 52 52 52
2 2 50 51 2 11 12 2 17 18
2 2 3 2 6 7 2
2 2 2 50 51 2 42 21 49 49
2 2 2 2 2 2 2 50 13 14 14
2 2 2 2 70 71 72 21 2 83 84 2
2 2 2 21 15 2 9 10 2 10
2 42 2 2 21 49 49
68 69 69 69 69 69 2 2 2 2 2 2 25 109 19
2 2 63 2 40
2 2 57 50 34 2 58 53
2 2 2 2 2 2 2 26
2 2 2 2 2 2 3 2 6 7 2
2 26 2 2 7 5
2 2 57 50 2 34
2 2 3 2 6 7 8 2
2 2 50 13 14 14 14 34 53
2 4 5 2 6 7 8 8 2
2 2 2 2 13 14 14 14 14 14 34 2 2 58 53
2 56 2 2 4 5 5 2 26 2 3 2
2 30 31 31 31 2 7 8 8
2 2 2 50 2 13
2 2 2 2 13 14 54 55 14 2
2 2 2 2 2 40 2 17 2 2
2 2 2 2 2 2 19 2 2 23 24 2 17 18
2 2 56 4 5 5 2 26 27
2 2 2 21 15 16 2 42 43 2 2
2 30 31 2 7 8 8 8
2 2 19 2 2 68 69 69 25 2 2 17 61 62 18 2 40 36 47 2 2 41 2 23 2
2 9 14 2 17 18 18
2 34 2 2 58 53 2 57 50
2 2 2 50 51 2 42 43 21 49
2 2 19 2 47 48 2 20 2 2
2 57 50 34 2 2 58 53 2
2 13 14 14
2 2 2 2 2 50 2 13 14
2 2 2 44 17 18 18 18 2 40
2 4 5 3
2 2 25 3 2 56 2
2 2 2 4 5 5 2 6 7 2
2 2 2 63 2 2 2 2 40 48
2 2 4 5 3 2 2 26 14
2 2 2 44 2 47
2 50 13
2 35 36 2 20 2 17 61 62 18 2 47
2 28 78 2 26 2
2 34 53 2 2 58 2 76 77 14 14
2 2 9 10 10 10 2
2 2 57 50 34 2 58
2 2 2 2 2 2 2 2 21 49 2 40 41
2 2 50 2 9 10 10 10 10 2 17 2 2 21 15 16 2
2 2 9 10 10 10 2 17 18 18 18
2 2 2 2 2 50 13 14 14 14 2
2 2 2 2 20 2 35 2 40 2 17 61 62 18
2 2 57 50 34 2 2 58 2
2 2 2 2 2 44 2 17 2 2 47 2 22
2 2 2 2 2 2 47 48 40 41
2 2 2 2 20 2 2 22 2
2 3 2 2 7 8
2 2 2 2 2 56 2 2 2 26
2 2 2 2 2 22 2 2 2 47
2 30 31 31 5 2 6 7 8 2
2 30 31 31 31 2 7 8 8 8 2
2 2 2 2 2 17 18 18 18 2 47 126 126
2 2 2 44 2 2 2 45 46
2 57 50 34 2 2 58
2 2 2 4 5 2 2 26
2 2 2 2 2 50 13 14 14
2 2 2 2 21 2 40 2 17
2 2 2 57 50 34 53 2 2 2 2 58
2 2 13 14 14 14 2 2
2 9 2 2 15
2 2 63 2 47 48 2 22 2
2 2 4 5 2 3 2 2 7 8 2 2
2 2 2 2 63 2 17 18 2 2 45 46
2 2 2 2 57 50 2 34 2 2 58 53
2 2 2 2 2 50 2 13 14
2 13 34 53 2 2 58
2 30 31 2 6 7 2
2 2 28 29 29 2 4 5 5 2
2 57 50 34 2 2 58
2 2 2 2 20 2 47 48 22
2 13 14 14 2 2 2 34
2 4 5 2 6 7 8 2
2 2 59 2 2 26 2
2 2 2 2 2 74 75 75 75 75 75 2 17 18 18 18 18 18
2 2 2 2 2 19 2 73 2 20 2
2 2 2 2 13 14 14 14 14 50 2
2 2 50 51 13 14
2 30 31 2 2 7 8 8 2 2
2 2 2 13 14 14 14 50 51
2 2 2 19 2 2 2 2 2 20 2 2 60 19 92 2
2 2 2 2 2 44 21 74 75 75
2 2 2 2 2 42 21 49
2 2 2 63 2 2 74 75 75 75 2
2 30 5 2 6 7 8 8 8 2
2 2 26 27
2 2 47 48 2 22
2 2 2 2 2 2 21 2 2 47 48
2 2 2 2 2 50 51 13 14 14 14
2 2 2 2 2 2 19 2 60 2 2 22
2 2 44 2 21 40
2 2 3 2 6 7 8 8 2
2 2 2 76 77 14 14 14 2 2 2 34 2 2 58 53
2 7
2 2 3 2 7
2 4 5 2 6 7 8 2
2 2 2 40 2 2 44 2
2 2 2 2 9 10 10 2
2 34 2 2 58 53 2 13 14
2 2 2 2 2 63 2 17 18 2 47 48 40
2 2 2 2 2 2 19 2 20
2 2 35 2 19 2 20 2 17 18 61 62 18 2 47
2 2 2 2 2 2 19 2 40
2 2 2 13 14 2 34 53
2 3 2 6 7 8
2 25 56 3 2 4 5
2 2 2 2 2 2 47 48
2 2 2 2 2 2 2 45 46 2 17 2
2 2 2 2 4 5 2 56
2 30 2 6 7 8 8 8 8 8 8
2 42 2 2 2 11 12 12 2
2 2 64 65 66 3 2 4 5 2 26
2 30 31 2 6 7 8 8 8 2 2
2 2 2 63 2 47
2 2 2 2 2 20 2 2 19 2 60 2 2 22 2 17 18 18 18
2 2 2 2 2 2 2 2 2 19 2 22 2
2 2 2 2 2 60 133 2 2 19 2 40
2 2 3 2 6 2 7 8 8 8 8
2 2 2 50 51 13 14 14 2
2 2 50 51 2 13 14 14 14 14 14 2
2 2 9 2
2 2 2 63 2 22 52
2 2 2 2 2 47 48 2 40
2 2 30 31 31 31 2 6 7 8 8 8
2 2 25 3 2 2 4 5 2 2 56
2 2 3 2 6 7 2
2 42 2 2 2 2 21 15 16 17 18 18 2
2 2 2 63 45 17
2 2 2 2 17 36
2 13 14 14 34 2 58 53
2 2 2 50 13 14 14
2 2 2 2 3 2 4 5 2 6 7 2
2 2 15 21 2 9 10 10 2 17 2
2 2 2 2 2 47
2 2 2 2 2 50 13 14 14 14
2 2 26 27 2 2 2 7 3 2 4
2 57 50 2 34
2 30 31 31 2 6 7 8 8 8 2 2
2 2 3 2 6 7 8 8 2
2 2 2 2 50 51 2 11 12 12
2 2 3 2 29 29 29 29 29 29
2 2 2 2 50 51 2 11 12 12
2 2 3 2 6 2 7 8 8
2 2 2 47 2 2 17 18 18 18
2 2 3 2 6 7 8 2
2 2 2 2 63 2 22
2 2 57 50 2 34 2
2 2 2 2 20 2 2 25 19 2 40
2 9 10 2 2 2 21 15 16
2 2 57 67 34 53
2 26 2 2 28 2 4 5
2 2 63 2 47 48 48 22
2 2 50 13 14 14 2 34 2 2 2 2 58 2
2 3 2 6 7 2
2 13 14 14 34 2 2 58 53
2 2 2 2 50 2 13 14 14 2
2 13 14 14 14 14 14 2 2 50
2 42 43 2 2 2 11 12 2
2 63 2 10 2
2 2 59 2 2
2 44 2 17 18 2 47 14
2 2 3 2 4 2 6 7 2
2 30 31 31 2 7 8 8 2
2 2 2 2 2 2 9 71 10 2 15 16 2 17 18 2
2 13 14 34 53
2 2 3 2 4 5 2 6 7 8 8 2
2 2 13 14 14 2 2 2 2 34 2 2 2 2 2 58
2 2 2 2 2 3 2 4 5 2 2 2 7 8 2
2 2 3 2 4 5
2 2 2 2 2 2 19 2 93 2 69 2 2 69 17 18 84 73
2 2 2 2 2 2 59
2 13 14 50
2 2 50 13 14 14 14 14 14 14 34 53 2 2 2 2
2 2 2 50 13 14
2 2 2 2 19 2 22
2 2 2 2 2 2 2 17 18 18 2 47 2
2 2 2 2 20 2 47 17 18 2
2 2 2 2 2 13 14 50 2
2 42 2 2 2 17 18 21 49 49
2 2 2 2 2 63 2 2 45 46 2 17 2
2 13 14 14 14 14 14 67 34
2 2 2 2 68 104 105 69 69 69 69 2 2 19 2 47
2 2 2 63 2 47 48 47 2
2 2 2 2 2 2 50 2 13 14 14 14
2 2 2 2 2 2 19 92 2 47 2 17 61 62 18
2 2 2 13 14 14 14 14 14
2 13 14 34 53
2 2 2 2 2 47 48
2 2 2 4 5 2
2 2 2 2 2 2 2 20 2 2 35 36 36 36 2
2 2 57 50 2 34
2 2 2 2 13 14
2 2 19 92 2 20 2 2 73 21 49 49 49 49 2 83 84 84
2 2 50 2 13 2 14 2 14
2 2 3 2 2 4 5 2 26 2
2 2 2 21 2 83
2 2 2 63 2 47 48 2 17 61 62 18 2
2 2 2 2 2 63 17 18 18 18 2 22
2 50 51 2 42 43 21 49 49
2 2 7 2 31 2 2 2 121 122 8
2 13 14 14 2 34 2
2 2 2 2 2 2 47
2 4 5 2 7 8 2
2 4 3 2 7 8
2 2 56 3 85 2 26 2
2 2 2 2 2 63 45 17 18 18 2
2 57 50 34 53
2 2 2 13 2 14 14 50
2 2 2 2 13 14 14
2 2 2 13 14 2 2 2 58 2 2 2 2 34
2 57 67 34 2 2 58
2 2 2 2 2 2 50 13 14 2
2 4 5 2 7 8 8 8
2 2 2 2 2 19 2 2 60 2 2
2 28 29 29 29 2 4 5 5 5 2
13 14 14 14 14 14 2 34 53 2
2 2 2 21 15 2 42 2
2 2 2 2 2 2 2 2 17 18 2 40 41
2 2 2 2 13 14 14 14 34 53
2 2 19 21 83
2 34 2 2 58 53 2 57 50
2 2 2 50 51 2 11 12 2
2 2 9 14 14 14 14 14
2 2 2 2 2 2 47 61 2 18 2 40
2 2 50 13 14 14 14
2 2 2 2 2 22 2 17 18 61 62 18
2 2 2 2 2 19 92 17 18 18 2 22 52 52
2 3 4 2 6 7 8 8 2
2 13 14 14 14 14 14 14 2 50
2 2 2 2 2 21 49 2 47
2 2 2 2 2 2 17 2 47 2 22 52
2 3 2 7 8 2
2 56 2 26
2 2 25 109 2 2 20 2 2 19
2 2 2 2 2 2 47 61 62 18 2 2 45 46 2
2 2 2 2 2 19 2 60 133 2 2 22
2 2 2 57 50 2 34 2
2 2 2 50 13 14 14
2 4 5 2 2 56 3 2
2 2 2 2 4 3 2 26
2 2 50 51 2 17 18 2
2 2 2 26
2 2 2 2 2 2 74 48 75 2
2 2 2 2 57 50 34
2 2 50 51 2 11 12 2
2 2 13 14 2 2 34 2
2 2 2 2 2 2 63 2 17 2 17 2 22 2
2 30 31 2 79 31 8
2 2 2 7 8 8 8 2 30 31 31
2 2 4 5 3 2 7 8 8 8 2
2 2 2 44 2 47 75 48 2 40 17 18 18 18 18 18
2 2 2 2 2 2 2 19 17 18 18 18 2 2 25 109
2 2 2 2 2 21 47 2 2 35 36 36
2 2 2 2 30 31 31 31 2 6 2 2 2 2 7 8 8
2 2 50 51 2 42 43 21 49 2
2 2 17 2 2 2 14 2 6 2
2 2 25 109 19 2 40 2 20
2 2 2 2 2 19 2 22 2 17 18 18 18 18 18 18
2 2 2 7 8
2 30 31 31 2 79 80 7 8 8 2
2 2 2 2 20 2 35 36 2 2 47 2 17
2 2 2 2 2 47 2 35 36 2 2 2 2 20
2 2 2 2 2 2 3 2 2 7 8 2 2
2 2 2 2 20 2 17 18
2 2 13 14 14 14 34 53 2
2 2 23 2 19 92 2 47
2 2 50 2 13 14 14 14 2
2 2 2 2 2 2 74 75 75 17 18 18 18
2 2 2 2 2 13 14 14 14 14 50 2
2 2 3 2 4 5 5 2 6 7 8 2 2
2 26 2 2 7 8 2 29 29
2 2 2 2 2 2 2 64 65 66 19 92 2 60 2 17 18 2 40
2 2 2 21 15 16 2 42 43
2 57 67 34 53
2 76 77 14 14 14 14 14 14 34 53 2 2 58
2 4 5 2 4 14 5 2
2 28 29 33 2 4 5
2 2 44 21 2 2 45 46 2
2 2 44 21 2 45 2 17
2 32 2 4 5
2 2 2 2 40 41 2
2 35 36 2 40 2 20 2 2
2 2 2 2 26
2 2 2 63 17 18 2 22 2
2 2 3 2 7 8
2 30 31 2 6 7 8
2 2 4 5 2 7 8
2 2 25 109 2 4 5 2
2 2 7 2 2
2 2 2 2 2 2 40
2 2 2 2 17 18 18 18 2 22
2 2 3 2 6 7 8 2
2 2 2 2 2 19 2 23 2 40 2 47 2
2 2 2 2 2 2 13 14 14 2 14 14 50 2
2 57 50 2 2 34 2 58
2 2 7 31 2 6 7 8 8 8 8 8 2 2
2 2 2 9 10 2
2 2 7 8 2
2 2 2 2 2 2 25 47 19 2 17 18 2 47 22 2 2 2 2 20
2 2 56 3 2 4 2 26
2 76 77 14 14 14 2 2 50
2 2 2 50 2 13 14 14 2
2 2 2 2 2 47
2 57 50 34 53 2 58 2
2 2 2 45 46 2 17
2 2 60 19 2 93 94 69 69 69 89 90 91 2 17 18 2
2 2 2 3 2 56 2 26
2 4 5 2 2 7 8 2 2
2 2 2 2 57 50 34 53 2 2 2 2 58
2 2 2 3 2 2 7 8 8 2 2
2 50 51 2 42 43 21 49 2
2 57 50 2 2 34
2 6 2 7 8 2 2 8 18 2 7
2 2 2 2 2 50 13 14 14 34 53 2
2 30 31 31 31 31 2 6 7 8 8 2
2 13 14 14 14 34 53 2
2 2 2 7 8 8 8 8 8
2 2 2 2 2 30 31 31 2 7 8 8 8 8 2
2 2 3 2 6 7 8 8 8
2 2 2 2 3 2 4 5
2 2 2 2 2 56
2 2 19 2 20 2 2 47 2
2 2 2 2 2 2 47 48
2 9 10 10 2 11 12
2 2 3 2 6 7 8 8 2 2
2 2 2 2 35 36 2 2 2 2 20
2 2 2 2 13 14
2 4 5 2 2 56 2 26 27
21 2 2 50 51 2 42
2 2 35 36 36 2 47 40 52 2
2 2 2 2 50 51 2 11 12
2 34 53 2 13 14 14
2 2 2 2 2 19 2 2 23 24 2 40
2 57 50 34 2 2 58 53 2
57 2 50 2 34 2 2 58 53
2 2 2 2 2 50 13 14 14 54 55 14 14 14 14 14
2 2 3 2 6 7 8 2
2 2 2 63 21 49 2 22 2 17
2 2 2 2 35 36 36 17 18 2 40
2 2 9 10 10 2 2 11 12 2
2 30 31 31 31 31 2 2 7 8 2
2 32 33 33 2 2 4 5
2 2 4 5 3 2 6 7 8 8 2
2 2 2 2 2 2 2 2 2 19 2 47 2 93 94 69 69 69
2 2 25 2 2 4 5 2
2 30 2 6 7 8 2
2 4 5 2 2 56
2 2 3 4 81 2 3 2 33 2 4 5
2 2 2 2 2 20 2 35 36 36 36 36 36
2 2 32 33 33 33
2 4 31 2 6 7 8 8 123 124 8 2
2 2 2 2 2 2 2 2 17 18 2 47 2
2 2 3 2 56 2
2 30 2 79 80 7 8 2
2 2 2 57 50 34 53
2 2 2 2 34 53 2 2 58 2 13 14 14 14 14 14
2 2 2 2 2 2 47 48 2
2 2 7 3
2 2 2 13 14 14 14 14 50
2 2 2 2 2 2 2 74 75 75 75 75 2
2 2 6 2 7 8 8 30 31 31 31
2 2 50 13 14 14
2 2 2 2 2 2 2 9 2
2 2 2 2 2 47
2 2 2 2 2 44 2 47 48 2
2 2 50 51 2 13 14 14 14 14
2 2 2 2 2 25 109 19 2 47
2 2 2 2 20 2 2 19 2 23 24 21 49 2 22 52
2 2 2 42 2 2 2 21 15 16 2 2
2 2 2 19 2 17 18 18 18 2 22
2 2 19 92 2 47 2 22 52 2 68 69 69 2 2 23 24
2 2 63 2 47 41
2 50 51 2 11 12 2
2 2 3 2 2 56 2
2 2 2 44 17 18 2 40 41
2 2 2 2 2 2 2 21 15 2 9 10 10 111 112 10 111 112 22 2
2 30 31 2 6 7 8 2 2
2 2 50 51 2 13 14 14 14 2
2 2 19 92 2 60 2 2 20
2 2 2 2 2 2 50 2 13 14 14
2 2 2 2 2 2 2 20 2 22 2
2 4 5 2 6 7
2 30 31 2 6 7 8 8 2
2 2 2 3 2 4
2 32 33 29 29 29 29 2 26
2 30 31 2 7 8
2 2 13 14 14 14 14 14
2 2 56 2 2 4 5 2 26 27
2 2 2 2 2 2 2 2 2 47 22 52 17 18 2
2 13 14 14 14 14 14
2 2 50 2 76 77 14 14
2 2 2 44 2 47 2 22 2
2 50 51 2
2 2 13 14 14
2 2 2 2 2 2 25 109 19 2 2 2 2 20 2
2 13 14 14 34 2 2 58
2 2 3 2 56
2 7 8 2 26
2 2 2 2 2 44 2 40
2 2 44 2 17 18 2 40
2 2 2 2 50 51 2 11 12 12
2 42 2 2 2 2 21 15 2
2 2 2 2 2 2 26 10 10 2 2 2 2
2 2 2 2 2 2 44 17 18 18 2 47 2 40 41
2 2 2 50 51 2 14 14
2 2 2 2 2 50 13 14 14 14 14
2 2 50 13 14
2 2 2 2 2 2 25 19 92 2 60 2 21 49 49 49 2 22 2 68 69 69 69 69
2 2 7 8 8 8 8
2 2 2 44 17 18 18 18 2 21 74 75 75 75
2 2 2 4 5 2 2 25 2
2 30 31 31 2 7 8
2 2 2 2 2 2 17 2 2 2 2 86 87 18 61 62 18 2
2 2 2 13 14 14 14 14 50 51
2 2 50 13 14 14 14
2 50 13 33 14 14 14
2 2 2 2 2 56 2 26 2
2 2 2 50 51 2 42 2 21 2
2 2 50 2 9 10 10 2 2 21 15 16 2
2 30 2 2 7 8 8 8 2 2
2 2 2 50 51 2 42 21 49 49 2
2 2 2 63 2 47 2 40 41 41
2 2 63 2 47
2 3 2 2 4 5 2 26 2 2 25
2 2 9 10 10 2 2 2 2 2
2 30 2 7 8
2 2 2 2 2 19 2 40 2 73 2 68 69 69 17 18 18
2 35 69 36 2 2 2 2 19 92 2 40
2 2 2 2 20 2 2 19 2 2 25 109
2 34 2 2 58 53 2 13 14 14 14 14
2 2 2 50 13 14 14 14 14 14
2 9 10 10 2 2 17 18 2 11 12
2 2 57 50 34 53 2 2 58 2
2 57 50 34 2 58 53
2 2 2 63 2 47 2
2 34 53 2 13 14
2 2 50 2 21 42 43 2
2 2 19 2 20 2 47 48 2 17
2 2 3 2 2 2 7 8
2 30 31 2 6 7 8 2
2 2 2 44 17 2 47 48
2 2 34 53 2 2 50 13 14 14
2 2 30 31 2 2 2 2 7 8 8 8
2 2 25 109 19 2 20 2 2 47 48 2
2 2 19 21 49 83 2 20 17 18 18
2 4 25 29 3
2 9 10 10 2 2 2 21 15
2 2 50 51 2 13 14 2
2 2 2 2 2 2 17 21 49 49 49 2 40
2 2 34 53 2 2 50 13 14 14
2 50 51 2 11 12
2 2 2 50 13 14
2 30 31 5 3 2 6 7 123 124 8 2 2
2 2 13 14 14
2 9 10 10 10 2 2 17 18 2 2 21 15 2
2 2 50 51 2 42 43 21 49 49 2
2 3 4 5 2 2
2 13 14 14 67 2 34 2 2 58
2 2 9 10 2 17 2 11 12 12
2 2 2 2 30 31 2 2 2 2 2 2 7 8
2 2 2 2 2 19 92 2 22
2 2 2 56 5 2 56 2 26
2 2 2 2 2 17 18 2 2 2 2 20
2 2 2 2 23 24 2 2 19 2 68 69 69 69 69 69
2 3 2 7 8 8
2 2 19 2 47 2 17 18 61 107 62 2 68 69 69 69
2 2 2 3 2 4 5
2 2 2 44 2 47
2 2 19 2 68 104 105 69 69 69 2
2 2 2 2 2 20 2 22
2 30 31 2 79 80 7 8 2
2 2 2 13 14 14 14 34 53
2 2 2 2 2 35 2 2 2 19 2 47
2 2 2 2 2 19 2 47 48 2 22 52
2 2 25 2 2 56
2 57 50 34 2 2 58
2 2 2 2 2 63 2 47 48 2 17 18
2 2 2 57 50 2 34 53
2 3 2 7 8
2 13 14 14 14 14 2 2 50
2 2 34 2 13 14 14
2 32 29 2 56
2 2 2 2 63 2 17 2 22
2 63 2 2 2 2 2 45 46 2 17 61 62 18 2
2 2 2 2 2 23 2 2 19
2 3 2 2 56 2
2 2 2 2 2 2 2 2 2 19 2 47 2 22 2
2 30 31 31 2 7 8 8 8
2 2 50 2 13 2
2 2 2 50 13 14 14
2 2 2 4 5 2 25 3 2 26 2
2 2 50 2 13 2
2 2 2 2 2 25 109 19 2
2 2 2 2 2 63 2 74 75 75 75 75 2 17 2
2 2 50 2 13 14 14 14 2
2 2 2 2 13 54 55 14 14 14 14 67 2 2 2 34 53
2 30 31 2 6 7 8 2 2
2 2 2 2 2 9 10 10 10 10 2 11 12
2 13 14 14 34 2 2 58
2 30 5 2 7 8
2 2 2 2 2 2 22
2 2 2 50 2 76 77 14 14 14 14 2
2 2 2 2 13 14 14 14 14 14 14 50 2
2 2 19 2 20
2 2 2 32 2
2 2 2 13 14 34 53
2 2 13 14 14 14 14
2 15 16 2 2 9 10 10 10 10
2 3 2 7 8
2 50 51 2 11 12 2
2 2 50 51 2 42 43 21 49 49 2
2 2 2 34 2 2 50
2 13 14 2
2 2 50 2 13 14 14 14 14 2
2 2 2 2 2 2 17 18 18 18 2 74 75 75 75 75
2 30 31 31 2 7 8
2 2 2 2 2 2 2 2 19 92 2 2 2 23 2 22
2 2 2 2 44 2 47
2 2 2 2 13 14 50 2
2 2 2 2 63 2 47
2 2 35 36 2 47 22 2
2 4 5 2 6 7 8 8 8 8 8 2
2 2 2 21 15 16 2 2 2 9 10 2
2 57 50 2 34
2 2 3 2 6 7 2 2
2 57 50 67 34 2 2 58 53
2 2 3 2 56 2
2 2 2 2 2 3 2 2 4 5
2 2 57 50 2 34
2 30 31 2 6 7 8 8 2 2
2 2 7 8 2 2 26
2 34 2 2 58 53 2 13 14
2 2 2 2 9 10 10 10 10 2 17 18 2
2 2 2 2 2 2 20 2 2 19 2 47 22 2 2 60
2 2 2 19 92 2 2 2 2 93 94 69 69 69 2 2 60 2
2 2 2 2 2 2 2 47 2 22
2 2 63 2 2 45 46
2 2 25 3 2 4 5 2 26
2 2 3 2 56 2
2 2 2 2 50 13 14 14 14 2 2 2 34
2 2 2 2 2 2 2 2 47 2
2 2 50 2 13 14 14 14 14 2
2 2 7 8 2 2 26
2 2 2 2 2 44 2 22 2
2 2 2 2 2 2 20 2 2 89 90 91 2 2 47
2 2 57 50 2 34 2 2 58
2 2 21 15 16 2 2 2 42
2 2 2 2 2 2 19 2 2 60
2 2 2 50 51 2 42 43 21 49 49
2 2 57 50 2 34
2 2 25 109 7 2 3 5
2 4 5 5 2 7
2 2 2 2 13 10 2
2 57 50 2 34
2 2 2 2 13 14 14
2 57 50 34 53
2 2 50 2 13 14 14 14
2 2 2 2 2 2 68 69 69 69 2 35 36 36 2 47 22
2 2 2 2 13 14 14 14 67 34 53
2 2 2 2 2 4 2 2 3 2 2 56
2 34 2 2 58 53 2 57 50
2 28 29 29 2 4 5 2 26
2 15 16 2 2 9 10 10 10 2 2
2 2 2 2 2 2 74 75 75
2 2 57 50 34 53
2 21 22
2 2 2 2 2 20 2 35
2 2 2 2 19 92 2 47 2 68 69 69 69
2 2 2 2 2 19 2 19 2 22
2 2 30 31 2 6 7 2
2 2 2 2 2 44 2 45
2 2 2 4 5 2 2
2 2 2 2 4 5 2 2 50 2 2 64 65 66 66
2 2 2 2 2 30 31 31 31 2 79 80 2
2 2 50 51 2 11 12
2 2 2 44 2 2 45 46
2 2 2 2 13 14 14 14 14 14 14 50
2 2 2 42 2 11 12
2 2 2 2 13 14 14 14 14 55 14
2 2 50 13
2 3 2 79 80 7 8 8
2 2 2 2 2 76 77 14 14 14 2 2 2 34 2 2 2 2 2 58
2 50 51 2
2 2 25 56 3 2 2
2 2 2 2 20 2 2 2 19 2 2 40 41 17 18 18 18
2 130 131 10 2
2 2 57 50 2 2 2 34 53 2 2 2 2 2 58
2 4 5 3
2 2 4 5 3 2 6 7 8 8 2 2
2 4 5 2 2 7 8 2 2
2 2 2 50 51 2 11 12 12
2 2 50 13 14 14
2 2 25 19 2 47 2
2 2 2 2 50 13 14
2 2 2 2 2 2 2 86 87 18 61 62 18 45
2 2 2 50 2 13 14 14 14
2 2 2 2 2 50 2 76 77 14
2 28 29 29 29 2 4 5 2
2 2 42 43 2 11 12 2
2 2 2 2 50 2 13 14 14 34 2 2 58 53
2 3 2 2 4
2 2 2 2 2 76 77 14 14 14 50 51
2 2 2 13 14 2 14 50 2
2 4 5 2 2 2 2 56 2
2 2 2 2 3 28 2 26
2 42 2 2 21 15 16
2 2 2 2 20 83 2 2 89 90 91 19
2 2 50 51 13 14
2 2 2 2 2 2 73 19 2 20
2 13 54 55 14 14 34 2 2 58
2 2 2 2 2 9 10 2 17 18
2 2 2 2 2 44 17 2 40 36 2 47 48 2
2 2 2 2 2 25 4 5 3
2 2 19 2 20 2 47
2 30 31 2 6 7 8 8 2
2 42 43 2 2 2 11 12 2 17 2 2
2 2 2 13 14 14 50 2
2 2 2 2 9 10 10 10
2 30 31 31 31 31 2 6 7 8 2 2
2 17 18 2 2 2 2 2 35 36 2 2 22 52 52 52
2 2 50 51 2
2 50 51
2 2 2 2 2 2 60 19 92 2 22
2 2 2 2 2 13 14 14 14 14
2 2 7 2
2 4 5 3 2 2 26 27 2 56
2 2 2 2 47 48 2 40
2 22 2 2 2 44 2 17 18
2 2 2 50 51 2 2 11 12
2 2 2 50 2 13 14
2 4 5 2 7 8 8 8 8 8
2 2 9 10 10 10 10 2 2 2 11 12 12 2 17 18
2 2 2 2 2 2 47 48
2 2 13 14 14 14 34 2 2 58
2 2 2 2 2 50 51 13 14 14 2
2 2 2 2 2 47 17 18 18
2 2 2 57 50 2 34 2 2 2 2 2 2 2 58
2 50 76 77 54 55 14 2 2 2 34
2 3 2 7 8
2 2 9 2 2 2 2
2 2 56 3 2 4 5 5 2 25 2 2
2 32 2 4 5
2 2 57 50 34 2 2 58 53
2 2 3 2 4 5 2 6 7 8 2
2 2 2 2 2 2 45 2 17 61 62 18
2 2 2 30 31 31 31 2 6 7 8 8 8 8 2
2 2 56 3 2 2 26
2 2 3 2 6 7 8 2
2 2 50 51 2 14 2 14
2 2 2 2 2 2 2 44 17 2 40 41
2 2 7 29 29 2 26 27
2 13 14 14 14 2 34 2 2
2 2 2 2 2 2 2 45 46
2 136 80 7 2
2 35
2 2 2 13 14
2 2 2 2 2 2 2 9 10 10 10 2 11 12 2
2 2 19 2 40 41 17 18 2 20 2 2
2 30 31 31 2 2 7 8 8 8
2 2 2 2 17 18 61 62 18 2 2 25 109 2 2 68 69 69 69 2 2 19 2 60
2 2 2 2 57 50 2 34 2 2 58 2 2
2 2 2 9 10 10 10 2
2 2 3 2 6 7 2
2 2 2 2 20 2 35 36 36 2 47
2 2 2 35 36 36 36 2 22 2 20 2
2 2 2 2 2 2 17 18 2 47 2 22
2 2 2 2 25 3 2 4 5
2 50 51 2 2
2 2 4 5 3 2 2 7 8 2 2
2 2 2 2 2 2 40 47
2 30 31 31 31 31 2 2 7 8 2 2
2 2 2 26 2 2 25 2 2 4
2 2 19 2 22 2 20 2
2 2 2 2 2 19 2 20 2 40 2 35 36
2 2 2 2 20 2 2 47 2 22 2
2 2 3 2 4 5 2 6 7 8 2
2 2 2 2 2 47
2 2 13 14 14 14
2 15 2 2 9 10 10 10 2 10 18 2
2 2 2 50 32 33 14 14 14 2
2 2 57 50 34 2 58 53
2 30 31 31 2 6 2 2 7 8 8 8 8
2 2 2 21 2 2 35 36 36 2 22 2
2 42 2 2 2 11 12
2 2 2 21 15 2 9 10 17 2
2 2 2 2 47 2 2 47 48 2 22 2
2 2 2 13 14 14 14 50
2 34 2 2 58 2 13 14 14 14 14
2 42 2 2 2 50 51 21 49
2 30 31 31 2 7 8
2 2 13 14 14 14 34 2 58 53
2 7 8 8 2 4 5
2 2 2 2 2 9 10
57 50 2 2 34 53 2 2 13 2 2 2
2 2 2 2 9 2
2 2 2 13 14 14 14 14 14 14 14 14
2 2 2 2 2 2 44 2 47 48 2 22
2 2 4 5 2 6 7 8 8 2
2 2 57 67 34 53
2 2 2 2 2 2 50 13 14 14 34 2 58 53 2
2 2 2 44 2 47
2 2 2 2 2 19 2 2 23 2 40 41 41 2 20
2 2 2 3 2 4 2 28 33 2 26
2 32 33 33 33 33 2 4 5
2 2 2 2 2 50 13 14 14
2 35 36 2 47 2 20 2 2 17 61 62 18 2
2 2 2 50 51 2 42 21 49
2 2 2 2 50 51
2 2 3 2 2 56
2 26 2 2 56
2 57 67 2 2 34 2 2
2 2 2 44 2 2 45 46 17 46
2 2 2 2 44 17 18 18 18 2 22
2 2 4 5 3 2 6 7 8 8
2 2 50 51 13 14 14 14
2 2 2 2 2 2 2 56 2 2 2 3 2
2 2 2 2 2 56
2 2 56 3 2 2
2 30 31 31 2 6 7 2
2 2 59 2
2 2 2 2 2 2 2 2 2 22 2 2 2 2 20 2 2 2 2 19 2 35 36 36 2
2 2 2 2 2 2 50 13 14 14 14 14 14 14 2
2 2 2 2 13 14 67 34 53 2 2 2 2 2 58
2 30 31 31 2 2 6 121 134 122 8
2 2 2 2 2 2 2 45 46 2 17
13 79 2 2 2 2 2 2 2 30 31 31 31 31
2 2 2 2 13 14 14 14 50 2
2 50 51 21 49 49 2 42
2 2 2 19 2 20 2 22 2 2 2 2 2 73
2 50 2 13 14 54 55 14 14 14
2 42 2 2 2 2 11 12 12
2 2 50 2 13 2
2 2 2 2 2 17 2 74 75 75 75 75
2 2 19 2 2 68 69 69 69 21 49 49 2 115 116 84
2 2 2 2 68 69 69 69 2 2 19
2 57 50 34 53 2
2 50 13 14 14 14
2 50 51 2 11 12
2 2 2 2 2 2 2 25 109 19 2 40
2 26 2 2 2 25 2 2 4
2 42 43 2 11 12
2 2 2 2 19 2 20 2 2 22 52
2 2 2 2 2 20 2 35 36 36 2
2 2 50 2 13 14 14 14 14
2 2 2 63 2 2 2 22 2 17 18 61 62 18 2
2 2 76 77 14 14 14 14 14 2 67 2 34
2 50 51 2 76 14 14 14
2 2 2 4 5
2 57 50 34
2 2 2 2 3 85 2 56 2
2 2 2 17 18 2 2 74 75 75
2 2 2 2 2 2 47 48 22 2 17 18 2
2 2 50 51 2 11 12 12
2 4 5 2 7 80 7
2 2 2 50 51 2 42 21
2 2 2 63 2 17 18 2 74 75 75 75 75 75
2 56 2 4 5
2 2 2 2 68 69 69 2 2 19 2 22 52
2 2 19 2 40 41 41 2 68 69 69 69
2 2 2 2 2 60 19 2 22 2 68 69 69 69 69 2
13 14 14 2 34 2 2 58 53
2 2 3 2 4 5 2 6 7 8 2
2 4 5 2 6 7 8 2
2 2 3 4 2 6 7 8 2 2
2 2 2 2 3 2 7 8 8 2
2 2 57 50 34 53 2 2 58 2
2 2 47 48 22
2 4 5 2 6 7 8 8 8 2 2
2 13 14 14 14 2 34
2 4 5 2 6 7 8 8 8 2
2 2 2 2 2 2 50 13 14 14
2 6 2 7 2 2 2 30 31 31
2 30 31 31 2 7 8 8 8 2
2 2 2 2 2 44 2 17 18 61 62 18 2 2 21 40 21
2 2 30 31 31 2 6 7 8 8 8 8 2
2 2 2 2 2 25 109 19 2 47
2 2 63 2 40 2
2 2 2 50 51 2 42 9 21 49 49
2 2 2 2 2 9 10 2 2 21 15 16 2
2 28 29 29 29 2 4 5 2 26
2 2 125 126 101 126 127
2 30 2 79 80 7 8 8
2 28 2 4 5
2 2 2 2 9 10 10
2 2 2 19
2 2 2 9 10 14
2 2 2 2 2 22 52
2 3 5 8
2 2 2 50 2 13 14 2
2 2 50 51 2 2
2 2 2 44 2 47 40 17 18 18
2 2 2 2 2 50 51 13 14 14 14 14 14
2 2 50 13 14 34 2 58
2 9 111 112 10 10 10 10 2 2 11 12 2
2 2 19 2 23 2 20
2 2 13 14 14
2 2 2 13 14 14 14 14 2 34 53
2 2 2 56 2 26 2
2 30 31 31 2 6 7 8 8 8 2
2 2 2 50 51
2 2 2 2 2 21 49 49 2 2 74 75
2 2 2 2 2 40 17 18 18 18
2 3 2 6 7 8
2 2 50 2 13 14 14 2
2 4 29 2 2 56
2 2 59 2 2
2 2 2 2 2 2 50 2 13 14 14 14 2
2 13 14 14 67 34 2 58
2 56 3 2 4 5
2 2 2 50 13 14 14 14 14
2 34 53 2 57 50
2 2 2 2 44 17 18 18 18 2 47
2 2 2 2 63 2 47 48 40
2 13 14 14 50
2 2 57 50 34 53 2
2 2 57 67 2 34 2
2 13 14 34 2 58 53
2 2 33 33 33 33 2 4 5 2 26
2 2 2 3 2 2 7 8 2
2 2 3 2 2 7 8 8 2 2
50 2 13 14 14
2 2 2 21 18 18 2 2 2 15 16 2 2 42 43
2 57 50 2 34
2 30 5 5 2 6 7 8 8 2 2
2 2 2 2 2 2 44 2 47 2 22
2 2 2 2 17 18 2 47 2 68 68 69 69 21 2
19 2 40 2 2 21 2 2 2 2 20
2 7 5 2 2 2 25 109
2 2 2 2 2 60 60 19 2 20 2 2 21 49 49 2
2 2 19 17 18 2 47
2 2 2 50 51 2 2 21 15 16 2 47 10 2
2 2 2 2 2 20 2 2 2 19 2 47 48
2 13 14 14 34 2 2 58 53
2 2 2 2 21 15 2 9 10 10 10 10
2 2 15 16 2 9 10
2 2 3 2 6 7 8 2
2 2 2 2 2 2 2 25 19
2 2 2 63 2 2 47 2 40 41 2
2 2 2 2 2 2 2 2 2 47 2 40 41 41 41 41 41 41 17 18 18
2 2 2 2 13 14 14 2
2 2 2 2 2 44 45 2 17
2 2 2 2 2 42 2 2 21 15 16
2 2 3 2 6 7 8 8
2 2 2 42 21 49 2 2 50 51 2 2 2
2 2 64 65 66 3 2 2 2 2 56 2
2 2 2 2 2 47 48
2 2 2 44 2 22 17 18 18 18
2 2 2 63 2 21 49 49 49 2 40
2 30 99 100 31 2 7 8
2 2 4 5 3 28 29
2 2 2 2 32 29 33
2 2 2 2 17 2 40
2 2 50 51 2 13 14 2
2 2 2 2 19 2 17 2 20 2 2 47 48
2 2 2 3 2 6 7 8 2
2 2 50 2 13 14 14 14 2
2 2 2 50 2 13 14 14 14 14
2 2 2 2 2 2 19 2 47 48 2 20 2 17 18
2 2 2 2 2 2 2 26
2 9 10 2 2 2 21 15
2 2 2 21 49 2 83 84
2 3 2 7 8 8 8 2
2 2 50 2 9 10 10 10 2 17 2
2 2 3 2 7 8
2 2 17 18 2 22 52
2 2 2 2 2 35 36 2 17 18
2 13 14 14 14 14 34 53
2 13 14 14 54 88 55 67
2 2 2 2 20 2 2
2 2 2 2 2 2 2 26 27
2 2 2 2 2 3 2 4 5 2 26
2 2 2 4 5
2 2 2 2 4 5
2 2 2 2 2 2 47
2 2 2 2 2 35 36 36 2 22
2 2 2 9 10 2 2
2 2 2 2 2 19 2 2 73 110 2 22
2 28 14 29 29 33
2 2 2 2 57 50 34 2 2 58 53
2 2 3 2 4 5 2 2 7 8 2
2 2 2 2 2 44 2 2 2 17 2 47 48 2 40
2 2 2 44 2 2 45 46 17 18 18 2
2 2 2 19 2 2 2 2 2 23 2 2 22
2 2 2 50 51
2 2 2 2 2 2 2 20 2 2 19 2 40 41
2 2 13 14 14
2 2 2 2 2 35 36 36 2 47
2 3 2 6 7 8 8 8 8
2 2 57 67 2 34
2 2 120 50 34 53
2 2 2 2 2 2 17 18 2 40 2
2 2 2 74 75 75 75 2 2 44 2
2 2 19 2 17 18 18 2 47 2
2 2 2 2 2 2 44 45 17 18 18
2 2 2 2 42 2 2 11 12 12 2
2 13 14 14 34 2 2 58
2 2 2 4 5
2 2 2 13 14 2 14 14 14 2 34 2 2
2 2 2 2 2 17 2 74 75 75 75 75
2 2 2 3 2 4 5 5
2 2 2 2 2 50 13
2 2 2 2 2 19 92 2 47 2 2 23 24
2 2 13 14 14
2 2 28 109 29 3
2 2 2 2 2 2 2 73 19
2 2 2 2 56 2 4 5
2 2 2 2 2 19 2 2 23 2 2 2 20 2 68 69 69 2
2 42 43 2 2 2 2 11 12 12
2 2 2 30 2 7 8 8
2 3 2 7 8
2 2 2 2 2 13 14 14 50
2 2 2 2 2 63 45
2 30 2 2 7 8 2
2 2 2 22 2 2 47 48 2 17
2 2 2 2 13 14 54 55 14 14 14 14 14 2 34
2 2 4 5 2 2 2 56
2 2 2 2 20 2 17 2 18 35 2 70 2 36 2 47
2 3 2 7
2 2 19 2 2 73 2 47 48 22 52 2
2 2 2 21 15 2 9 10
2 2 2 2 2 2 47 2
2 2 2 21 15 16 2 42 43
2 50 51 2 11 12
2 2 2 2 2 2 7 8
2 2 2 44 2 47 48 22
2 2 2 44 2 2 47 2 40 2
2 42 2 2 2 2 21 15 16 2
2 13 2 50 13 2
2 2 2 2 2 2 74 75 75 75 75 75
2 2 2 2 2 2 47 48 2 40
2 9 14 14
2 2 2 45 46 2 2 2 2 17 18
2 2 2 57 50 34 2 58 53
2 2 2 2 2 13 14 14 34 53
2 2 2 2 2 2 26 2 2 7 8 2 2 2
2 2 3 2 4 5 2 79 80 2 2 2 2 30 31
2 2 3 2 56
34 53 2 57 50
2 2 9 10 10 10 2 2 2 21 15 16 2
2 2 2 2 47 17
2 2 2 2 2 2 17 18 61 62 18 2 22 52
2 4 5 2 7 8 8
2 34 2 2 58 53 2 57 50
2 2 2 2 2 2 25 60 133 19 92
2 2 2 2 2 2 2 19 2 22 2 68 69 69 69 69
2 2 25 2 2 4 5 2 26
2 18 18 2 2 2 2 2 2 2 47 48
2 2 32 33 33 33 2 4 5 2
2 2 35 19 2 22 2 20 2 2
2 13 14 14 2 34
2 25 2 2 4 5 5
2 2 13 14 14 14 2 67 34 2 58
2 2 2 50 13 14
2 26 2 2 32 33 33 29 29 29 29 29 2 4 5
2 2 2 2 2 2 19 2 47 2 2 23
2 2 2 2 2 2 64 65 66 19 2 47 48
2 68 69 69 69 2 19 2 47 48 22 52
2 2 2 50 13 14 2
2 30 31 31 31 31 31 31 31 2 6 7 8 2 2
2 2 2 47 44 17 18 18 18 2 47 48 2 40
2 4 5 3 2 6 7 8 8 2
2 32 2 4 2
2 2 2 2 2 4 5 3 85
2 30 2 6 7 8 8 8 8 2 2
2 4 5 64 65 66 2
2 2 19 2 47 48 2 22 52 2 2 17 36 36 84
2 2 13 14 14 10 2 2 2 21 15 16 2
2 2 19 2 20
2 2 25 56 3 2 4 5 2
2 2 2 2 2 20 2 2 19 2 2 60 133 2
2 2 2 2 44 2 47
2 2 50 51
2 2 2 2 2 2 40
2 17 18 2 2 19 2 2 73 2 47 2 20
2 2 2 2 2 19 2 40 2 2 60 2
2 2 2 2 35 2 47 2 68 69 69
2 28 5 2 4 5
2 2 44 2 22
2 2 2 2 2 19 2 47 48 2 13 2
2 2 4 5 3 2 6 7 8 2
2 2 2 2 2 2 2 13 14
2 28 33 29 2 4 5 2 26
2 2 50 51 2 17 10
2 28 33 33 2 4 5 2 26 2
2 2 50 51 2 13
2 2 2 2 47 2 17 18 2 2 25 109 60 19
2 2 25 109 3 2 2 56 2 4 5
2 2 13
2 2 2 2 19 2 40 2 20 2 17 18
2 2 59 2 2 56
2 2 19 17 18 18 2 20 2
2 2 2 2 20 2 2 2 2 19 83 84 2 2 23 24 24 2 2 21 49 49 49 2
2 3 4 5 2 6 7 8
2 2 44 2 40
2 2 11 10 2 2 50 51 2
2 42 43 2 2 21 15 16
2 13 14 14 50
2 2 19
2 2 2 2 2 2 2 9 10 2
2 13 14 14 14
2 2 3 2 6 7 8 2
2 3 2 7
2 2 2 2 2 47 48
2 30 31 2 6 7 8 2
2 4 5 2 6 2 121 134 122 8 8
2 13 14 14 14 34 2 58 53
2 2 2 13 14 14 2 2 2 34
2 57 50 34 2 2 58
2 3 2 7 8
2 2 13 29 50
2 30 2 79 80 7 8 2
2 13 14 14 14 34 53
2 2 2 30 33 2 31 31 31 31 31 2 7 8 8 8
2 2 3 2 6 7 123 124 8 2 2
2 13 14 14 34 2 58
2 13 14 14 2 34 2 2 58 2
2 2 2 2 13 14 14 14 2
2 2 25 109 4 5 3 2 2 26
2 57 50 34 53
2 2 2 2 2 2 26
2 2 2 2 3 2 6 7 8 8 2
2 13 14
2 2 4 5 3 2 6 7 8 8 8 8 8 2
2 2 4 5 2 2 7 8 8 2 2
2 9 14 14
2 2 2 63 2 2 47 2 17 18
2 2 2 2 20 2 22 52 2 17 18 2
2 57 50 34 2 2 58
2 2 32 33 33
2 2 50 2 9 10 10 2 2 21 15 16 2
2 2 2 50 51 2 42 43 21
2 2 50 2 13 14 2
2 2 30 2 6 2 2 7 8 8 8
2 2 4 5 3
2 13 14 14 14 14 14 34 2 2 58 53
2 2 2 4 5 5 2
2 2 3 2 4 5 2 2 7 2
2 2 2 2 2 2 74 75 75 75
2 2 8 8 31 2 7 8
2 2 3 32 33
2 2 2 2 2 2 2 2 2 22 2 17 61 107 107 62 18
2 2 2 2 2 35 36 36 2 22 2 20
2 2 50 2 13 14 2
2 2 56 3 2 26 27
2 2 2 2 2 3 2 4 5 2 6 7 8 2
2 2 2 19 2 47 22 2 17 61 62 18
2 2 2 9 10 10 2 2 11 12
2 2 3 2 6 2 7 8 8
2 2 50 51 2 13 14 14 2
2 30 161 31 2 2 7 8 2 2
2 2 57 50 34 53
2 2 2 2 2 2 45 46 2 17 18 2
2 2 13 14 14 14 14 50
2 2 2 2 2 50 2 13 14 14 88 14 14 14 14 2
2 2 2 2 2 2 17 18 18 2 2 40 41
2 2 2 9 10 2 2
2 2 2 2 2 2 25 109 19 2 47
2 2 2 50 2 13 14 14 14 14
2 2 50 2 13 14
2 2 2 2 2 20 2 17 2 22
2 2 2 2 2 42 2 2 2 2 2 2 2 2 21 15 16 2
2 2 2 2 2 2 47 2 40 2 17 18 61 62 18 2
2 11 12 2 50 51 2 2
2 4 5 2 6 121 122 8 8 8 8 2
2 2 2 2 2 21 49 2 45 46 2 17 2
2 30 99 2 31 31 31 2 7 8
13 13 14 14 14
2 2 25 109 3 2 2 4 5
2 2 50 2 13 14 14 2
2 13 14 14 67 34 53
2 2 20 2 2 19
2 13 54 55 14 14 14 2 14 2 34 2 2 58 2
13 14 14 2 2 34 2 2 2 2 2 2 2 58
2 2 2 50 2 13
2 2 4 5 3 2 2 7 8 2 2
2 2 2 2 68 69 69 2 2 19 2 2 60 24
2 2 2 2 57 50 34 2 2 58
2 2 2 2 2 2 13 14 50
2 2 2 2 2 2 2 47
2 26 27 2 2 59 78
2 57 50 34 53
2 2 4 2 56 2 26
2 2 2 9 10 2
2 2 4 5
2 28 14 14
2 2 2 2 2 13 14 2 14 2
2 42 43 2 2 2 21 15 16 21 17
2 13 14 14
2 2 50 51 2 11 12 2 17 18
2 2 2 2 50 51
2 2 19 2 47 48 48 2 20
2 2 2 63 21 45 2
2 26 2 2 28 29 29 2 4 5
2 2 2 2 20 2 17 2 2 22
2 2 2 2 2 3 2 2 56 2
2 2 2 50 51 2 11 12
2 30 31 31 31 2 7 8 2
2 2 2 2 2 17 2 2 19 2 2 23 2
2 2 2 40 2 2 63 2
2 2 19 2 20 2 40 41 2
2 13 14
2 2 20 2 2 73 19
2 30 31 31 2 2 7 8 8 8 8
2 2 3 2 6 7 8 8 8 8 8 2
2 2 2 42 43 2 2 2 21 15 2
2 2 25 109 19 92 2 40 2 2 2 2 2 20
2 13 14 14 2
2 2 2 2 93 94 69 69 69 2 35 36 36 36 2 40
2 2 2 2 9 10 10
2 2 2 9 10 10 2 2 11 12
2 2 15 21 2 42 43
2 2 50 51 21 49 49 2 42 43
2 13 14 14 14 34 2 58
2 2 50 51 2 13 2
2 2 2 13 14 14 54 2 14 14 14 14 14 14 14 67 34 2 58
2 2 44 2 2 2 2 21 2 40
2 13 14 14 50 51
2 3 2 2 56
2 57 50 2 2 2 2 2 2 58 2 2 2 2 2 34
2 2 2 2 35 36 2 47 2 22
2 13 14 14 14 34 53
2 2 13 54 88 55
2 4 5 29 29 33 2
2 2 57 50 2 34 2 2 58
2 57 50 2 34 2 2 58
2 34 2 58 53 2 57 50
2 2 50 51 2 42 43 21 49 2 17 18
2 30 2 6 2 7 8 8 8 8 8
2 4 5 2 7 8 8 2
2 2 2 2 2 2 2 63 17 2 40
2 2 2 2 20 2 83 36 2 2 2 21 49 49 2 83 84 2
2 13 14 2 34
2 2 13 14 14 14 14 14 50 51
2 2 21 2 2 17 18 2 2 15 16 2 130 2 10 10 10 10 10
2 2 25 3 2 4 5 2 26
2 2 2 50 51 2 11 12
2 50 51
2 2 2 2 2 2 2 2 13 2 2
2 2 15 21 2 42 43
2 2 130 131 10
2 2 2 2 2 9 10 10 10
2 2 2 2 2 2 44 17 18 18 2 40
2 2 28 29 29 14 3
2 2 3 2 6 7 8 8 8 2
2 2 63 2 2 2 2 45 46
2 2 25 2 2 4 5
2 2 2 50 2 2 9 10 10 10
2 2 4 2 2 63 2 7 8 8
2 2 19 2 47 2 20 2
2 26 2 56 2 2 4 5 2 2 3
2 4 5 2 2 56 2
2 13 14 14 14 14
2 3 2 7 8
2 2 2 44 2 22 2
2 2 2 2 2 21 49 47 2
2 2 2 2 2 47 2 22 2 17 18 18 18 2
2 57 50 34 2 58
2 2 2 2 2 17 18 2 40
2 2 3 28 29 29 2
2 13 14 14 14 14 2
2 28 29 2 26 2
2 2 2 2 63 2 22 17 18 18 18
2 2 60 19 2 20 2 2
2 4 5 2 6 7 8 2
2 13 14 14 14 2 2 50 51
2 9 10 10 10 10 10 10 10 10 10 10 10 2 2 2 15 16
2 4 5 2 6 7 8 8 2
2 2 2 56
2 2 2 4
2 2 3 2 4
2 2 2 2 2 2 47 22 2
2 2 2 9 10 10 10 10 2 2 2 15 16
2 34 2 2 58 53 2 57 50
2 2 34 53 2 13 2 2 14 2
2 2 2 2 2 2 47 2 40
2 2 2 2 2 2 2 2 2 17 61 62 18 2 74 75 75 75 75 2
2 13 14 14 14
2 2 50 51 2 21 49 42 2
2 2 2 56 2 26 27
2 2 7 8 8 8 2 2 2 30
2 2 2 2 2 25 109 19 92 2 47
2 2 2 2 2 79 116 2 47 22 2
2 2 2 2 20 2 2 19 2 23 36 36 2 47 22 52
2 57 50 2 57 67 2 34 53 2 2 2
2 2 2 2 2 50 13 14 14 2
2 32 33 2 2 56
2 13 14 34 53
2 2 2 21 15 16 2 9 10 10 2
2 2 2 17 2 2 22 52
2 2 25 19 2 60 2
2 2 47
2 22 2 17 18 2 2 2 63
2 2 19 2 20 2 17 18
2 2 2 21 49 2 22 2 2 19 2 73 2 93 94 69 69 69 17 18 18
2 2 2 2 2 19 2 47 2 22 2 93 94 69 69 69
2 57 50 2 2 2 2 2 34 2
2 2 2 2 2 2 40 2
2 30 2 6 7 8 8 8 8 8 8 2 2
2 2 2 57 50 2 34
2 2 2 3 2 6 7 8 8 2
2 13 14 2 2 2 34 53 2
2 2 3 2 7 8 8
2 26 27
2 2 2 2 2 44 2 47 126 127
2 34 53 2 13 14
2 34 2 2 58 53 2 57 67
2 2 2 2 22 2 47 2 17 18 18 18
2 2 3 2 7 8 8 8 8
2 2 63 2 47
2 2 2 2 2 47
2 2 2 19 2 47 48 2 68 69 69 2 22
2 2 2 2 2 2 22 52 2 17 61 62 18
2 2 2 2 9 10 2
2 2 2 2 2 17 18 18 18 2 47 48 2 40 2
2 2 21 60 133 19 2 22 52 2 20 2 2 17 18 2
2 4 5 5
2 34 2 2 58 53 2 57 50
2 2 47 48 2 17 17 18 18 18
2 2 4 3 2 7 8 8 2
2 2 2 63 17 18 2 22
2 2 11 12 12 2 50 51 2 17 18
2 2 57 50 34 2 2 58
2 2 2 57 67 34 2 2 58
2 2 2 2 2 2 2 17 18
2 30 31 31 31 2 6 2 2 7 8 8 8 8 8
2 13 14 54 55 14 14 14 14 2 34
2 4 5 3 7 7 8 8 8 2
2 2 2 50 13 14 14 14 14 14
2 30 31 31 31 31 2 6 2 7 8 8
2 2 7 3
2 2 2 50 51 2
2 13 14 14 14 14 14 34 2 58 53
2 2 57 50 34 2 2 58 53
2 2 50 2 13 14 14 14 14
2 28 29 2 26
2 2 2 56 2
2 2 60 19 2 40
2 30 31 2 2 2 7 8 8
2 2 3 4 5 2 2 7 8 2 2
2 2 2 2 13 14 14 14
2 2 2 44 2 47 48 17 2
2 2 50 2 9 10 2 2 21 15 16 2 17 2
2 2 25 19 2 20 2 2 21 2 47 2
2 2 2 2 22
13 54 55 14 2 14 14 14 14 14 2 2 2 2 2 58 53 2 2 2 2 2 34
2 2 25 4 5 2
2 2 2 2 2 2 2 2 26
2 9 10 10 10 2 2 2 15 16 21 2 2
2 2 2 4 5
2 2 50 51 2 13 14 14 14 2
2 2 57 50 2 2 2 2 34 53 2 2
2 2 13 14 14 50 51
2 32 33 29 29 2 26
2 2 2 2 50 51 2 11 12 12
2 2 13 54 55 14 14
2 2 17 18 2 22
2 2 2 50 2 2 2 2 13
2 2 2 2 50 2 13 14 14 14
2 57 50 34 2 58 53
2 2 2 2 50 13 14 14 14
2 2 2 2 2 50 13 14 14 14 14 14 14 14 14 14
2 13 14 14 2 2 50 51
2 2 2 2 2 2 47
2 2 2 50 51 2 11 12 12
2 32
2 2 2 2 2 57 67 2 2 2 34 2 2 2 2 2 58
2 2 13 14 14 14 14 2 2
2 2 13 14 14
2 2 2 2 2 2 20 2 22 2 2 19 2 2 21 49 2 2 23 24 2
2 32
2 2 2 2 19 2 40 2 93 94 69 69 69
2 13 14 14 2 2 34 2 2 58
2 2 2 2 20 2 2 64 65 66 60 19 21 49 2 47
2 2 57 50 34 53 2
2 2 2 2 4 5 2 25 2 2 26 27
2 2 50 2 13 14 14 14 54 55 14
2 2 2 2 2 25 19 21 40 41
2 2 3 2 6 7 8 8 2 8 8 8 2 2
2 2 2 63 2 2 47 48 2 17 18
2 2 2 50 51 2
2 2 2 2 2 25 60 19 2 2 22 49 2 2 21 49 49 2 68 69 69 69 2 17
2 2 25 19 92 2 22
2 57 50 34 53
2 22 2 44 2
2 30 31 31 2 7 8 8
2 2 2 2 20 2 2 35 36 36 21 49 49 49 2 47
2 2 2 63 21 49 2 40 2 17 18
2 2 2 2 2 2 22 52 2 17 18 2
2 2 2 57 50 34 53
2 2 20 2 35 36 37 24
2 2 50 51 13 14 14
2 25 5 2 2 26
2 2 2 15 16 2 9 2 2
2 50 51 2
2 2 2 13 14 50
2 2 2 2 57 50 34 2 2 58 53
2 2 2 2 2 2 73 19 2 40
2 2 2 2 20 2 2 19 2 2 23 24 24
2 2 2 2 2 13 14 10 2
2 2 2 2 2 93 94 69 69 69 2 2 19 2 40 2
2 2 2 2 4 5 2 28 29 29 29 29 2
2 13 14 14 14 34 2 2 58
2 30 31 2 6 7 8 2
2 2 2 50 2 9 2 2 10 2 11 12 12
68 2 47 2 2 2 2 2 19 19 92 21 49 22
2 32 33 2
2 2 2 2 20 2 2 2 2 22
2 2 2 2 2 73 2 19 2
2 57 50 34 53
2 4 29 29
2 42 2 2 21 49 49 2
2 42 2 2 11 12
2 2 2 2 2 2 22
2 2 2 2 2 2 47 2 17 18 2
2 2 2 73 19 2 2 2 2 20 2 47 48
2 2 2 2 2 4 5 3 2 6 7 8 123 124 2
2 2 2 2 2 2 50 2 13 14 2
2 2 2 2 2 9 10 10
2 30 2 7
2 2 2 2 2 2 17 2 22 2
2 2 44 2 40
2 2 44 2 47 2 22 2
2 30 30 31 2 6 7 8
2 2 50 2 13 14 14 14 2
2 2 19 2 22 2 17 18 2 23 2 47
2 2 2 2 2 2 47 2 19 2 20
2 2 2 2 3 2 2 56 2 26 2
2 2 2 17 18 18 2 2 2 45 46
2 2 2 3 2 4 5 2 4 5
2 2 2 2 2 17 18 2 22 52 2
2 2 89 90 91 74 75 75 75
2 32 33 33 33 2 4 5
2 2 2 50 13
2 2 2 2 2 26
2 13 14 14 2 14
2 34 2 2 58 53 2 13 14 14
2 7 33
2 2 59 2
2 2 34 2 58 53 2 2 57 50
2 2 2 57 50 2 34 2
2 2 2 2 2 20 2 2 22 19 2 17 2
2 76 77 54 55 14 14 67 2 34
2 2 2 44 45 2 17
2 2 2 3 2 4 5
2 15 2 2 2 2 2 2 13 14 54 55 10 14 14 14 14 2 2
2 57 50 2 34 2
2 2 3 2 2 7 8 8 8 8 8 2 2
2 44 2 2 2 2 22 2 17 18 2
2 56 2 2 26 27 2
2 2 3 2 6 7 8 8 8 2
2 2 19 2 20 2 22 2
2 2 50 2 9 10 10 17 2 2 15 16 2
2 7 8 8
2 2 2 4 5 3
2 2 9 10 10 10
2 2 25 2 2 4 5 2
2 2 25 4 5 2
13 14 14 2 13 2 25 2 34 53 2 2 58 2 2
2 50 51 2 11 12
2 2 4 3 2 6 7 8
2 2 50 51 2 13 14 14 14 14 14 2
2 57 50 2 34
2 2 3 2 6 7 8 8 2
2 57 50 2 2 2 34 2
2 2 2 50 51 2 13 14
2 2 2 2 2 2 47
2 2 2 2 2 50 2 13 14 14 2
2 28 29 29 29 29 2 4 2
2 30 31 31 2 6 7 8 8 2
2 30 31 2 2 7 8 2 2
2 2 13 54 55 14 14 14 14 14 88 55 14
2 26 2
2 2 2 44 17 18 18 2 47
2 2 3 2 56 2
2 9 10 10 2
2 26 2 2 4 2 2 56
2 2 25 109 3 2 56
2 2 50 13 14 14
2 2 2 9 111 112 10 10 10 10 2
2 2 13 14 14 2 2 2 2 2 2 34 2 2 58 2
2 2 2 2 2 25 60 19 2 20 2 35 2 2 21 2 83 95 96 84
2 2 2 2 2 7 5 2 26 27
2 2 3 2 79 80 2 7
2 30 5 2 6 7 8 2 2
2 30 2 6 7 8 2 2
2 42 43 2 2 21 49 49 2 2 2
2 13 14 34 2 58 53
2 13 2
2 2 2 2 2 2 22
2 2 4 5 2 2 26
2 2 2 2 2 50 13 14 14 14 14 14
2 30 31 31 2 79 80 7 8 8 8 8
2 2 2 2 63 2 47 48 22
2 2 2 2 25 3 2 2 56
2 2 2 2 35 2 36 36 2 22 2
2 3 2 6 7 8
2 30 31 31 2 6 7 8 2
2 2 50 51 2
2 30 2 6 121 122 8 8 2
2 2 2 2 2 35 36 36 2 40 2 2 2 22 2 93 94 69 69 69
2 13 14 34 2 2 58
2 2 2 2 2 2 9 10 2
2 2 2 2 2 25 109 19 2 40
2 2 50 51 2 13 14 88 14 2
2 2 4 5 2 26 27
2 2 2 26 2
2 2 2 2 21 2 45 2 86 87 18 18
2 30 5 2 7 8 8
2 2 2 2 2 2 2 2 2 21 15 16
2 2 2 9 10 10 10 2 2 11 12
2 2 2 2 50 51
2 2 25 4 5 3
2 2 2 2 2 64 65 66 19 2 40 41 2
2 2 25 109 78 2
2 57 50 34 2 2 58 53
2 2 2 56
2 30 2 2 7 8 8 2 2
2 2 2 63 2 47 2
2 57 50 2 34 2 2 58 53
2 4 5 2 26
2 2 2 9 2 2 2 15 2
17 18 18 18 18 18 2 2 2 2 2 2 2 19 2 47 48
2 2 3 2 7 8 8
2 2 58 13 14 14 14 53 2 34
2 2 2 2 2 50 51 2 13 14 14 2
2 11 12 12 2 42 43
2 2 2 50 13 2 14 14 14
2 2 3 2 4 5
2 4 5
2 2 44 2 74 75 75
2 2 2 63 2 17 18 2 22
2 2 2 2 2 2 2 2 47 2
2 2 2 4 5 3
2 42 2 21 15 16 2 17 2
2 26 2 2
2 2 50 13
2 2 2 2 2 50 51 13 14 14 14 14 14 88 55 14 14
2 2 2 2 2 50 51 2 2 11 12 2
2 50 51
2 2 13 14 14 14 2 34 2 58
2 15 16 2 2 9 10 10
2 2 2 21 15 16 2 2 2 9 10
2 2 2 2 2 25 109 19 19
2 9 10 10 10 2 11 12 12
2 2 2 50 51 2 42 21 49
2 13 14 14 2 34
2 7 2
2 2 2 2 2 2 40 17 18 18 18 2
2 2 2 2 50 51 2 11 12 2
2 2 2 50 51 2
2 42 2 11 12 12
2 2 13 14 14 14
2 2 3 2 4 5 5 31 2 2 2 2 8 8 2 21 31 31
2 4 5 31 2 6 7 8 2
2 2 2 2 2 2 22 2
2 2 2 2 2 35 36
2 2 2 2 34 53 2 2 58 2 13 14 14 14
2 2 2 2 2 19 2 47 2 73
2 2 2 2 2 2 17 18 2 22 2
2 2 2 2 57 67 2 2 2 34 2 2 2 2 2 58
2 2 2 21 49 49 49 2 83 84 36 2 2 47
2 2 73 2 2 83 83 84 21 49 49 2 2 19 2 20
2 2 2 2 20 2 2 19 2 2 60 21 49 2 40 2
2 2 2 19 92 2 20 2 40
2 2 3 2 6 7 8 8 8 2 2
2 2 50 13 14 14
2 2 21 15 16 2 42
2 26 2 2 2 3 2 4 5 2 2 56
2 2 2 50 51 17 18 18 18
2 2 57 50 34 2 2 58 53
2 2 2 19 2 2 2 2 47 2 22 2
2 57 50 34 53
2 2 2 2 2 9 14 14 10 14 14 15 16
2 2 2 2 2 44 2 17 18 18 2 47 2 22 2
2 4 5 2 79 80 7 8 8 2
2 13 14 14 14 50
2 2 2 2 2 13 14 2
2 2 50 2 13 14 14 14 2
2 2 2 2 2 47 2
2 2 50 13
2 2 2 2 2 56 3
2 2 2 30 31 5 2 3 2 2 121 134 122 8 2 2
2 42 43 2 21 49
2 50 51 2
2 13 14 2 34
2 2 2 2 2 2 2 2 19 2 2 23 2 20 2 47
2 2 2 34 2 2 57 50
2 2 2 2 21 49 2 74 75 75
2 2 2 13 14 14 50 2
21 49 49 2 2 50 51 2 42 43
2 2 2 2 2 2 19 2 68 24 36 2 40 2
2 2 50 2 13 14 14 2
2 2 13 14 50
2 2 2 2 63 2 2 45 46 17 18
2 57 50 34 53
2 2 50 13 14 14 14 14 2 2 2 34 2 58 2
2 4 5 2 7 8
2 2 2 2 2 2 17 18 2 2 64 65 66 19
2 2 25 3 2 4 5 5 2 26
2 57 2 2 58 2 2 34 2 2 50
2 2 50 13 14 14
2 2 56 3 85 2 4 5 5 2 26 27
2 2 2 2 20 2 2 60 60 19
2 2 50 51 13 14 14
2 13 2
2 2 2 2 2 3 2 13 5 2
2 2 3 2 6 2 7 8 123 145 124
2 2 13 14 14 34 2 2 58 53 2
2 13 14 14 67 2 34
2 2 2 2 2 73 19 17 2
2 2 13 14 50
2 15 16 2 2 130 131 10 10 10 10
2 42 2 2 11 12 12
2 32 29
2 34 2 2 2 50
2 13 14 54 55 14 14
2 2 44 2 47 48 2 40 2
2 13 14 14 34 2 58
2 2 2 3 2 4 5 2 6 7 8 8 2
2 2 2 2 50 51
2 2 2 2 2 2 2 2 22 75
2 2 2 2 2 2 74 75 75 17 18 18
2 2 2 2 19 2 22 17 18 18 18
2 2 2 63 2 2 47 2 86 87 18
2 4 5 31 2 4 5 2 6 2
2 2 2 4 5
2 2 2 3 2 4 2 26 27
2 2 3 2 4 5 2 6 121 122 8 8 2
2 2 2 2 2 2 19 19 2 2 23 2 47 2 20 2 2 17
2 2 2 2 2 2 60 19 2 2 25 109 2 47 22
2 2 2 2 2 50 51 13 14 2
2 2 13 14 14 14 2 34
2 2 2 44 2 47
2 2 2 2 2 2 2 2 17 18 2 47
2 2 3 2 4 5 2 6 7 8 2
2 3 2 2 56 2 4 5
2 2 2 2 20 2 2 25 19
2 76 77 14 2 34
2 2 57 50 34 53
2 2 3 2 6 7 8 2 2
2 2 2 2 2 2 2 2 20 2 22
2 2 2 44 2 17 18 2 22 2
2 42 2 2 2 2 21 15
2 2 2 2 2 56 2
2 4 5 2 6 7 123 8 8 2 2
2 2 2 2 56
2 4 5 5 3 2 7 8
2 2 2 2 9 10 10 10 2
2 2 64 65 66 2 4 5 2 26 2
2 42 2 2 2 11 12
2 2 2 50 51
53 2 57 50 2 34 2 2 57 58 2
2 30 2 7 8 8
2 4 5 3 2 2 56
2 4 5 3 2 6 7 8 8
2 2 35 36 36 36 36 2 47 22 2 17 18 61 107 62 2
2 2 2 50 51 2 2 11 12
2 2 2 2 2 2 2 56 2 26
2 2 13 14 14 50
2 2 57 50 34 53
2 2 3 28 29 29 2 4 5 2
2 34 53 2 57 50
2 2 2 2 3 2 2 4 2 2 56 2 26
2 9 10 2 11 12
2 2 57 50 34 2 2 58
2 2 2 63 2 47 41 75
2 13 14 14 14 14 2 34
2 2 2 2 20 2 2 64 65 66 60 19 2 40
2 2 2 2 2 17 18 18 18 2 47 2
2 32 2 4 5
2 2 21 49 19 2 22 2
2 2 19 2 73 2 20
2 34 2 2 58 2 13 14 14
2 13 14
2 30 31 2 2 7 8 8 2 2
2 2 2 2 4 2 6 7 8 8 2
2 2 2 2 2 7 8
2 57 50 34 53
2 2 50 2 13 14 14
2 2 2 44 17 18 2 22
2 7 5 5 2 26
2 2 2 2 2 2 2 2 2 47
2 2 2 2 50 2 76 77 2 2 2 2 2 2 2 2
2 2 2 2 2 2 47
2 50 2 13 14 14 2 2 2 2 2 34 2 58 53 2
2 2 2 76 77 14 14 14 34 53 2 2 2 2 2 58
2 2 2 2 2 2 2 2 2 47 48 17 18 18
2 30 31 31 31 31 31 31 2 2 2 2 7 8 8
2 2 44 2
2 2 50 2 76 77 14 14 14 14 14
2 57 50 2 34 2 58 2
2 2 59 2 2 56
2 2 2 2 20 2 2 35 72 37 39 36 2
2 2 3 2 6 2 7 8 8
2 2 50 2 2 21 49 42 2
2 50 51 13 14 14 14 14
2 2 57 67 34 53 2
2 2 57 50 34 2 58 53
2 2 2 26 2 2 4 5
2 2 2 44 2 40 2 17 18
2 42 43 2 2 2 11 12
2 34 2 2 58 53 2 13 14
2 2 2 2 2 17 87 18 2
2 47 2 44 2 17 61 62 18 2
2 2 26 27 2 2 7
2 2 2 2 2 2 13 14 14 14 14 14 14
2 2 2 2 2 44 2 2 74 75 75 75 75
2 2 50 2 2 21 42 2 2 15 2 17 2 2
2 13 14 2 2 50 51
2 57 50 34 53
2 2 2 2 2 2 2 45 46 2
2 2 3 2 6 7 8 8 8 2
2 57 50 2 2 2 2 2 2 34 2 2 2 2 2 58
2 30 31 31 31 31 2 6 7 8 8 2 2
2 30 31 31 31 31 2 7 8 8 8 2
2 2 2 13 14 2 2 34 2 58 2
2 2 2 2 2 40 41
2 2 50 2 13 14 14 14
2 2 50 51 13 14 14
2 2 2 50 13 2 2 21 15 2 2
2 2 50 13 14 14
2 2 2 21 15 2 2 2 42
2 2 9 10 10 10 10 10 10 10 2 2 11 12 2
2 2 2 2 44 2 74 75 75 75
2 2 2 2 7 2 8 8 8 8 2
2 2 50 2 13 14 2
2 34 2 2 58 53 2 57 50
2 2 50 2 9 10 2
2 34 2 2 57 50
2 42 43 2 2 2 11 12
2 2 2 2 20 2 2 25 109 19
2 17 2 2 2 2 63
2 11 12 12 42 43
2 50 2 13 2 2 2 2 2 2 34 2 2 58 53 2
2 2 2 2 2 2 9 111 112 10 10 2 2
2 2 13 14 14 14 34 53
2 2 50 51
2 2 50 76 77 14 14 14 14 14 14
2 2 3 4 5 2 6 7 8 8 8 2
2 2 3 4 5 2 6 7 2
2 13 14 14 14 14 14 50
2 57 50 34 2 2 58
2 2 3 2 4 5 2 6 2 7 8 8 8
2 13 14 14 34 2 2 58
2 2 2 13 54 55 14 14 50 2
2 50 13 14
2 2 30 31 31 2 7 8
2 7 8 8 8 33 2 26 2 4 5
2 42 43 2 2 2 2 21 49 49
2 2 50 2 42 2 2 11 12 2
2 2 130 131 10 10 2
2 2 2 2 2 2 2 2 13 14 14 2
2 9 10 10 10 2 2 11 12
2 2 13 14 2 2 2 34 53 2 2 67 2 2 58
2 30 31 31 31 2 7 8
2 30 5 2 6 2 2 7 8
2 15 2 9 10 10
2 2 3 2 56 2 4 5
2 2 2 2 2 40 41 17 18
2 2 2 50 51 2 11 12 12
2 32 5
2 2 2 13 14 14 2
2 2 2 17 18 2 2 19 2 2 73 2 47
2 2 19 2 17 18 2 20
2 2 57 50 34 2 2 58
2 57 67 2 2 34 53 2 2 58 2
2 2 2 2 2 63 2 47 48 2
2 2 2 4 5 2 2 3 28 29 2 29 29 29 29 29 2 26 27
2 13 14
2 13 14 14 14 14 2 34 53
2 2 57 50 34 2 58 53
2 2 2 2 2 74 75 75 75 2 17 18
2 2 35 2 2 19
2 30 31 2 6 7 8 8 8 2
2 9 2 11 12
2 30 31 2 6 7 2
2 26 2 2 2 2 4 5
2 2 2 3 2 4 2 6 7 2
2 2 25 4 5 2
2 2 2 2 2 2 22 2 47
2 2 57 50 34 2 58 53
2 2 56 3 2 26
2 13 14 14
2 2 2 2 68 69 69 69 2 2 19 92
2 2 2 2 2 2 22
2 30 31 2 7 8
2 13 14 34 2 2 58
2 2 4 5 5
2 2 2 2 2 20 2 2 25 25 109 19 2 40 2
2 13 14 14 14 14 34 53 2 2 58 2
2 57 50 34 2 2 58
2 2 2 2 35 36 36 2 22
2 2 2 2 14 14 14
2 2 50 51
2 2 2 21 15 16 2 9 10 10
2 2 19 2 73 2 20 2 2
2 34 53 2 13 54 88 55 14
2 2 50 51 13 14 14
2 2 2 13 14 14 14 14 14 2 34 2 2 58 53
2 2 2 63 2 74 75 75 75 2 17 61 62 18
2 57 50 34 2 2 58 53
2 2 35 36 2 20 2 2
2 2 13 14 67 34 2 58
2 2 2 2 2 3 2 7 8
2 2 35 36 2 17 2
2 2 3 2 6 7 8 2
2 2 13 14 14 14 14 33 3 2 4
2 2 2 2 50 13 14 2
2 2 2 2 2 44 2 47 22 2 17 18 61 62 18
2 2 2 2 19 2 2 47 2 22 52 52 2
2 13 14 14 14 34 2 58 53
2 2 50 2 13 14 2
2 57 50 34 2 58
2 2 2 2 4
7 7 8 2 2 30 31 31 2 2 2 2
44 2 2 40 2 40 41
2 2 2 2 20 2 2 19 2 47
2 17 18 18 2 2 2 2 2 2 17 2
2 30 31 2 7 8
2 2 2 13 14 2 34 2 2 58 2
2 2 9 10 10 2
2 56 3 2
2 32 2 4 5
2 2 3 2 4 5 2 6 7 8 8 8 2 2
2 3 2 4 5 2 26
2 2 2 2 2 50 51
2 2 2 2 2 44 2 22 52 2 22 2
2 30 2 7 8 8 8 8
2 2 2 2 20 2 47 48 22 2 86 87 18 61 107 62
2 2 50 2 13 14 14 14 14 34 53
2 2 25 3 2 2 56
2 2 57 50 2 34
2 57 50 34 53
2 2 2 63 2 2 40
2 2 57 50 2 34 2
2 34 53 2 13 14
2 34 2 58 53 2 13 14 14 14
2 2 50 2 42 2 2 21 15 2
2 13 14 14 14 88 14 14 14 14 34 53
17 18 18 18 2 2 2 2 2 2 47 22 52
2 2 2 4 5
2 2 2 57 50 2 2 2 2 34 2 2 2 2 2 58
2 67 13 14 14 34 53 2 2
2 2 2 3 2 56 2 4 5 5
2 2 3 28 29 29 29 29 2
2 2 25 3 2 56
2 2 44 2 2 45 46 17
2 2 2 50 51 2 2 11 12
2 2 2 3 2 56
2 2 50 2 13 14 14 14 2
2 57 50 34 2 58
2 2 13 14
2 2 2 2 56
2 57 50 34 2 2 58
2 2 2 25 19 2 2 2 60 19
2 2 2 19 2 93 94 69 69 69 2 17 2 47
2 2 2 2 2 34 2 58 53 2 57 50
2 2 13 14 14 14 14 14
2 13 14 14 14 2 14 14 14 14 14 34 2 2 58
2 30 2 2 7 8 8 2
2 2 2 63 2 47 48 2
2 2 13 14 14 14 14 14 14 14 2 2 2 34
2 30 5 2 7 8 8 8
2 2 2 50 13 14 14
2 57 50 2 34
2 2 2 50 51 2
2 2 2 2 2 3 2 4 5 2 2 56 2
2 50 51 2 42 43 21 49 49 2
2 2 2 9 10 10 10 2 2 2 15 16
2 57 50 2 2 2 2 34 53 2 2 2 2 2 58
2 2 57 50 34 53
2 2 2 2 50 51 2
2 2 19 2 73 2 68 69 69 69 2
2 2 2 2 20 2 17 18 18 18
2 2 2 2 2 50 51 2 11 12
2 2 2 50 13 14
2 2 2 2 2 2 57 50 2 2 2 34 53 2
2 2 2 57 50 34 53
2 2 73 19 2
2 35 36 36 36 2 22 2 20 2 2
2 2 2 2 2 50 13 2
2 2 2 21 15 16 2 2 2 9
2 2 13 2 17 14
2 2 17 2 22
2 2 2 2 20 2 35 36 36 2 22
2 2 2 2 2 2 63 2 17 18 2 2 45 46
2 2 50 51
2 13 14 34 2 2 58
2 2 2 63 21 2 45 46
2 2 56 3 2 2 4 5 2 26 2
2 2 2 63 2 2 2 45 46
2 30 31 31 2 2 7 8 2
2 2 19 2 20 2 22
2 2 2 2 2 13 14 14 14 2
2 2 2 2 2 2 25 19 2 40 2 20 2 2
2 2 2 13 14 14 14 2 2 2 34
2 2 4 5 3 2 6 7 8 2
2 17 2 35 36 36 2 20 68 104 105 69 69 69 2 40
2 28 29 29 2 4 5 2 26
2 2 2 2 2 47 2 17 61 62 18 2 35 36 36 36 36 36 36
2 2 2 2 2 19 2 22 52 2 73 2 17 18
2 2 2 13 14 14 50 2
2 3 32 33
2 2 2 2 63 2 47 2 2 40 41
2 2 63 2 74 75 75 75 75
2 56 3 2 2 26 2
2 2 3 2 4 5 5 2 26
2 34 2 2 58 53 2 57 67
2 2 19 2 20 2 47
2 2 50 2 13 14 14 14 14 34 2 2 58 53
2 50 51 2 42 43 21 49
2 30 31 31 31 2 6 7 8 8 2 2
2 2 2 2 2 2 13 14
2 2 2 21 15 16 2 2 2 9 10 2
2 2 2 21 15 2 2 42 2 2 17 2
2 2 2 2 2 57 67 58 53 2 2 2 2 2 34
2 50 51 2
2 2 50 51 2
2 2 2 13 14 14 14 14 14 50 2
2 2 2 2 17 18 18 18 2 74 75 75 75
2 2 44 2 21 2 2 45 46
2 28 33 33 2 4 5
68 69 69 69 69 69 2 2 2 2 2 155 156 157 2 2
57 50 2 34 53 2
2 9 2 14
2 2 2 13 14 14 67 2 34 2 58
2 30 31 31 31 2 7 8 8 8
2 2 13 14 14 14 2 34
2 30 31 31 31 31 2 6 7 2
2 2 50 2 13 14 14 14
2 2 2 2 2 2 19 2 20 2 22
68 104 105 69 69 69 2 2 2 2 2 19 2 2 73
2 2 2 2 56
2 30 2 7 8 2
13 13 14 14 14 14 14 14 2 2 2 2 34
2 2 2 2 2 2 2 2 50 51
2 2 2 2 2 2 47 2
2 50 51 2 42 21 49 49
2 13 14 14 34 2 58 53
2 2 50 2 13 14 2
2 2 50 2 13 14 14
2 2 57 50 2 34
2 2 2 2 2 2 22 52 19 2 20
2 42 2 21 49 49
2 9 10 10 10 2 2 2 21 15 2 17
2 2 2 2 50 51
2 2 2 2 2 2 50 2 13 2
2 9 10 10 10 10 2 2 11 12 17 18 18 2
2 2 2 2 2 35 36 36 2 68 69 69 2 47 48 2
2 2 2 50 51 13 14 14
2 2 2 57 50 2 2 2 34 2 2 58 2 2
2 2 4 5 3 2 79 80 7 8 2 2
2 2 2 2 2 2 2 20 2 40 2 2 35 36
2 2 2 13 14 14 2 2 2 2 34 2 2 58 53 2
2 2 2 2 2 59 2
2 2 2 57 50 34 53 2
2 2 2 2 20 2 2 19 2 23 24
2 2 2 2 2 2 13 2
2 2 56 3
2 2 2 2 2 17 2 20 2 22
2 2 2 21 47 2 17 18
2 2 50 51 2 42 2 21 49 49 2
2 2 13 14 14 14 50
2 2 2 9 10 10 10
2 13 54 55 14 14 34 2 2 58 53
2 3 2 2 4 5 2 26
2 2 2 2 20 2 2 2 19 2 73
2 25 5 29 2 26
2 2 2 9 10 2
2 2 2 2 2 2 2 20 2 2 19 2 40 41
2 34 2 2 58 53 2 57 50
2 59 2
2 30 31 2 7 8 8
2 2 35 36 36 20
2 2 2 2 2 2 47 126 17 2
2 2 3 2 2 56
2 2 25 4 5 2 26
2 2 2 2 20 2 2 2 60 19 2 47 48 2 22 2
2 30 31 2 7 8 8 8 8
2 2 2 2 2 2 40 2 17 18 2
2 2 50 2 13 14 14 14 2
2 2 2 50 13 14 14 14
2 2 13 54 55 14 14 14 14 14 14 14 50 51
2 28 33 33 2 4 2 26
2 2 2 19 89 90 91 47 2 2 23 2 20 2
2 2 2 50 51 13 54 55 14 14 14 14 2
2 2 2 2 2 47 2 2 2 22 2 2 2 63
2 30 5 2 7 8 2
2 2 19 2 22 52 2 2 23 2
2 2 57 50 34 53
2 2 42 2 2 2 2 11 12 2
2 34 53 2 2 58 2 57 50
2 2 2 2 2 20 2 2 19 17 18 18 18 18 18
2 2 2 2 2 2 2 47 48 2 22 17 18 18 2
2 2 57 50 34 53
2 2 50 13 14 14 14 14 14 14 34 2 2 58 53
2 2 3 2 2 7 2
2 30 31 31 2 2 7 8 2 2
2 2 2 2 2 17 18 2 47 48 2
2 2 56 5 5
2 2 2 4 5
2 2 2 9 10 2
2 2 19 2 22 52
2 2 2 2 2 50 2 13 14 2
2 2 7 8 2 30 8 31
2 2 2 2 20 2 2 2 73 19 2 2 23 2 47 2 22
2 30 31 2 6 7 8 2
2 2 2 50 2 13 14 2
2 2 50 13 77 14 2 2 34 2 2 58
2 13 14 14 34 2 58 53
2 2 2 2 56
2 2 2 2 2 14 14 14 14 2
2 2 2 50 51 2 2 11 12
2 2 2 2 2 2 47 2 22 52 2
2 42 2 2 2 2 21 15 16 2
2 2 59
2 2 2 4 5
2 4 31 2 2 2 2 7 8 8 123 124 8
2 2 50 2 13 14 14 14 2
2 2 2 2 2 17 18 18 2 74 75 75 75 75
2 2 3 28 29 2 4 5
2 2 2 2 2 2 2 2 40
2 2 3 2 7 8
2 2 57 50 34 2 58 53
40 2 2 44 2 2 17 18 87 2
2 35 36 36 19 2 22 2 17
2 30 31 2 31 31 2 2 7 2 2
2 2 13 14 14 14 14
2 2 57 67 34 2 58
2 3 31 5 2 7 8 2
2 2 56 3 2 4 5
2 2 3 2 6 7 8 2
2 14 14 2 3 2 2
2 30 2 7 8
2 2 44 45
2 2 50 2 13 14
2 2 2 2 50 51
2 2 2 63 2 47 48 2
2 2 2 2 2 19 2 20 17 18 18 2 2 23 2 47 48
2 3 2 7 8
2 2 2 9 10 10 10 2 2 15 16 2
2 4 5 2 2 2 26
2 2 2 2 63 2 2 2 2 17 18 18 18 2 47 2 22
2 63 2 89 90 91 2 40 2
2 2 50 2 13 14 14 2
2 9 10 10 10 48 2 11 12
2 2 3 2 6 7 8 8 2 2
2 13 14 14 14 67
2 2 13 14 14 14 14 50
2 2 9 10 10 2 2 2 21 15 2
2 2 50 51 2 42 43 21 49 2
2 2 2 2 2 2 50 13 14 2
2 2 57 50 2 2 34 53 2 2 2 2 2 58
2 2 2 2 2 2 19 2 2 21 2 2 40 52
13 14 2 2 2 2 34
2 2 2 50 76 77 14 14
2 3 2 2 4 5 2
2 2 19 2 20 2 86 87 18
2 2 2 2 2 2 45
2 2 2 2 47 2 20 2 17
2 30 31 2 2 7 8 8 8 2 2
2 2 57 50 2 34
2 42 43 2 2 2 2 11 12 2
